POLYSTYRENE LANL SESAME #7592 DATED: 121488 121588
    32     3.50000000E+00 6.51000000E+00 1.04400000E+00    6102
 7.30000000E+01 4.10000000E+01 0.00000000E+00 1.04400000E-06 2.08800000E-06
 5.22000000E-06 1.04400000E-05 2.08800000E-05 5.22000000E-05 1.04400000E-04
 2.08800000E-04 5.22000000E-04 1.04400000E-03 1.56600000E-03 2.61000000E-03
 4.17600000E-03 6.26400000E-03 1.04400000E-02 1.56600000E-02 2.61000000E-02
 4.17600000E-02 6.26400000E-02 1.04400000E-01 1.30500000E-01 1.56600000E-01
 2.08800000E-01 2.61000000E-01 3.13200000E-01 4.17600000E-01 5.22000000E-01
 6.26400000E-01 7.30800000E-01 8.35200000E-01 9.39600000E-01 9.91800000E-01
 1.04400000E+00 1.05444000E+00 1.09620000E+00 1.14840000E+00 1.25280000E+00
 1.34154000E+00 1.46160000E+00 1.64534400E+00 1.67040000E+00 1.87920000E+00
 2.08800000E+00 2.16108000E+00 2.36779200E+00 2.61000000E+00 3.13200000E+00
 3.65400000E+00 4.17600000E+00 5.22000000E+00 6.26400000E+00 7.30800000E+00
 8.35200000E+00 9.39600000E+00 1.04400000E+01 1.56600000E+01 2.08800000E+01
 2.61000000E+01 3.13200000E+01 4.17600000E+01 6.26400000E+01 8.35200000E+01
 1.04400000E+02 1.56600000E+02 2.61000000E+02 4.17600000E+02 6.26400000E+02
 1.04400000E+03 2.08800000E+03 5.22000000E+03 1.04400000E+04 2.08800000E+04
 0.00000000E+00 1.24998384E-05 2.56916679E-05 4.99993537E-05 9.99987075E-05
 1.24998384E-04 1.49998061E-04 1.74997738E-04 1.99997415E-04 2.49996769E-04
 4.99993537E-04 7.49990306E-04 9.99987075E-04 1.49998061E-03 1.99997415E-03
 2.49996769E-03 2.99996122E-03 3.99994830E-03 4.99993537E-03 7.99989660E-03
 9.99987075E-03 1.49998061E-02 1.99997415E-02 2.49996769E-02 2.99996122E-02
 3.99994830E-02 4.99993537E-02 7.99989660E-02 9.99987075E-02 1.49998061E-01
 2.49996769E-01 3.99994830E-01 5.99992245E-01 9.99987075E-01 1.49998061E+00
 2.49996769E+00 5.99992245E+00 9.99987075E+00 1.99997415E+01 4.99993537E+01
 9.99987075E+01 0.00000000E+00 0.00000000E+00 0.00000000E+00 0.00000000E+00
 0.00000000E+00 0.00000000E+00 0.00000000E+00 0.00000000E+00 0.00000000E+00
 0.00000000E+00 0.00000000E+00 0.00000000E+00 0.00000000E+00 0.00000000E+00
 0.00000000E+00 0.00000000E+00 0.00000000E+00 0.00000000E+00 0.00000000E+00
 0.00000000E+00 0.00000000E+00 0.00000000E+00 0.00000000E+00 0.00000000E+00
 0.00000000E+00 0.00000000E+00 0.00000000E+00 0.00000000E+00 0.00000000E+00
 0.00000000E+00 0.00000000E+00 0.00000000E+00 0.00000000E+00 0.00000000E+00
 0.00000000E+00 0.00000000E+00 0.00000000E+00 6.78026645E+09 1.74097924E+10
 3.95048048E+10 1.15399168E+11 1.26679499E+11 1.82833907E+11 2.29033829E+11
 2.50275022E+11 3.97265249E+11 6.66198665E+11 1.53533472E+12 2.75960078E+12
 4.32621466E+12 8.48127392E+12 1.39948365E+13 2.08356793E+13 2.89857810E+13
 3.84213027E+13 4.91212506E+13 1.20945636E+14 2.21804366E+14 3.50116643E+14
 5.04631228E+14 8.88337138E+14 1.93350300E+15 3.32059473E+15 5.02574235E+15
 1.05701741E+16 2.65736121E+16 6.13478916E+16 1.25372307E+17 3.06193832E+17
 1.01727207E+18 4.89781706E+18 1.59445832E+19 5.15470577E+19 0.00000000E+00
 7.57302612E-11 7.57302612E-11 7.57302612E-11 7.57302612E-11 7.57302612E-11
 7.57302612E-11 7.57302612E-11 7.57302612E-11 7.57302612E-11 7.57302612E-11
 7.57302612E-11 7.57302612E-11 7.57302612E-11 7.57302612E-11 7.57302612E-11
 7.57302612E-11 7.57302612E-11 7.57302612E-11 7.57302612E-11 7.57302612E-11
 7.57302612E-11 7.57302612E-11 7.57302612E-11 7.57302612E-11 7.57302612E-11
 7.57302612E-11 7.57302612E-11 7.57302612E-11 7.57302612E-11 7.57302612E-11
 7.57302612E-11 7.57302612E-11 7.57302612E-11 7.57302612E-11 7.57302612E-11
 1.07914747E+09 8.45514978E+09 1.91080984E+10 4.12512865E+10 1.17244620E+11
 1.28539699E+11 1.84827464E+11 2.31168298E+11 2.52459019E+11 3.99589254E+11
 6.68679969E+11 1.53812453E+12 2.76264939E+12 4.32947215E+12 8.48481893E+12
 1.39985300E+13 2.08394195E+13 2.89894951E+13 3.84249398E+13 4.91247760E+13
 1.20948394E+14 2.21806359E+14 3.50117997E+14 5.04632065E+14 8.88337200E+14
 1.93350208E+15 3.32059318E+15 5.02574033E+15 1.05701713E+16 2.65736082E+16
 6.13478865E+16 1.25372301E+17 3.06193825E+17 1.01727206E+18 4.89781704E+18
 1.59445832E+19 5.15470577E+19 0.00000000E+00 1.06884081E+01 1.06884081E+01
 1.06884081E+01 1.06884081E+01 1.06884081E+01 1.06884081E+01 1.06884081E+01
 1.06884081E+01 1.06884081E+01 1.06884081E+01 1.06884081E+01 1.06884081E+01
 1.06884081E+01 1.06884081E+01 1.06884081E+01 1.06884081E+01 1.06884081E+01
 1.06884081E+01 1.06884081E+01 1.06884081E+01 1.06884081E+01 1.06884081E+01
 1.06884081E+01 1.06884081E+01 1.06884081E+01 1.06884081E+01 1.06884081E+01
 1.06884081E+01 1.06884081E+01 1.06884081E+01 1.06884081E+01 1.06884081E+01
 5.21808904E+05 3.22671619E+08 1.80149143E+09 4.22563329E+09 1.17077106E+10
 2.24780852E+10 4.48094167E+10 1.21141678E+11 1.32486165E+11 1.89213554E+11
 2.36026300E+11 2.57487085E+11 4.05111218E+11 6.74789011E+11 1.54551580E+12
 2.77130948E+12 4.33936529E+12 8.49703198E+12 1.40128406E+13 2.08555985E+13
 2.90073200E+13 3.84442005E+13 4.91452776E+13 1.20972725E+14 2.21831785E+14
 3.50142984E+14 5.04655805E+14 8.88357531E+14 1.93351575E+15 3.32060185E+15
 5.02574538E+15 1.05701706E+16 2.65736016E+16 6.13478752E+16 1.25372286E+17
 3.06193804E+17 1.01727203E+18 4.89781700E+18 1.59445832E+19 5.15470576E+19
 0.00000000E+00 6.41951924E+03 1.24580431E+04 2.97880871E+04 5.73180659E+04
 1.09653898E+05 2.55364406E+05 4.77685229E+05 8.78513291E+05 1.89058831E+06
 3.22448848E+06 3.37038657E+06 3.37038657E+06 3.37038657E+06 3.37038657E+06
 3.37038657E+06 3.37038657E+06 3.37038657E+06 3.37038657E+06 3.37038657E+06
 3.37038657E+06 3.37038657E+06 3.37038657E+06 3.37038657E+06 3.37038657E+06
 3.37038657E+06 3.37038657E+06 3.37038657E+06 3.37038657E+06 2.87700116E+08
 1.29462567E+09 3.04881963E+09 4.27642560E+09 5.77515008E+09 6.11264297E+09
 7.66125785E+09 1.01904106E+10 1.79333916E+10 2.89709137E+10 5.17141337E+10
 1.28767197E+11 1.40215967E+11 1.97865192E+11 2.45666294E+11 2.67484359E+11
 4.16149466E+11 6.87078555E+11 1.56059582E+12 2.78924721E+12 4.36018901E+12
 8.52363474E+12 1.40451576E+13 2.08935156E+13 2.90506947E+13 3.84928730E+13
 4.91990775E+13 1.21049457E+14 2.21926990E+14 3.50252604E+14 5.04776329E+14
 8.88491487E+14 1.93365501E+15 3.32073234E+15 5.02586217E+15 1.05702524E+16
 2.65736362E+16 6.13478739E+16 1.25372260E+17 3.06193750E+17 1.01727194E+18
 4.89781686E+18 1.59445830E+19 5.15470573E+19 0.00000000E+00 1.46166315E+04
 2.87098579E+04 7.00293669E+04 1.37380615E+05 2.69304768E+05 6.54608187E+05
 1.27923035E+06 2.49291437E+06 5.98348292E+06 1.15226634E+07 1.68429560E+07
 2.70503799E+07 4.16440792E+07 6.02413025E+07 9.57485513E+07 1.38614775E+08
 2.23533331E+08 3.55731026E+08 5.47392873E+08 9.85912091E+08 1.29058086E+09
 1.61174296E+09 2.28423821E+09 2.96323238E+09 3.68373750E+09 5.14457645E+09
 6.57773082E+09 8.00512776E+09 9.61608050E+09 1.15845806E+10 1.41076775E+10
 1.56442706E+10 1.74005599E+10 1.77850632E+10 1.95348241E+10 2.23433924E+10
 3.07269526E+10 4.23831709E+10 6.60478195E+10 1.44664103E+11 1.56336429E+11
 2.15940076E+11 2.65814112E+11 2.88378404E+11 4.39210696E+11 7.12744079E+11
 1.59207290E+12 2.82671143E+12 4.40375351E+12 8.57961542E+12 1.41137207E+13
 2.09747428E+13 2.91446157E+13 3.85994816E+13 4.93183418E+13 1.21230946E+14
 2.22168102E+14 3.50550138E+14 5.05126823E+14 8.88937252E+14 1.93425063E+15
 3.32143084E+15 5.02662640E+15 1.05710725E+16 2.65743622E+16 6.13483763E+16
 1.25372539E+17 3.06193789E+17 1.01727173E+18 4.89781638E+18 1.59445823E+19
 5.15470564E+19 0.00000000E+00 1.88954904E+04 3.71536640E+04 9.07969017E+04
 1.78471883E+05 3.50767659E+05 8.56697501E+05 1.68249935E+06 3.30042908E+06
 8.01686074E+06 1.56282872E+07 2.30448819E+07 3.74934148E+07 5.85322350E+07
 8.58314089E+07 1.39004382E+08 2.04322171E+08 3.35135171E+08 5.38423177E+08
 8.29046659E+08 1.48008045E+09 1.92714849E+09 2.39739935E+09 3.38488251E+09
 4.40310838E+09 5.48311878E+09 7.68199969E+09 9.82939950E+09 1.19073526E+10
 1.40909643E+10 1.65564104E+10 1.94933560E+10 2.12041404E+10 2.31122945E+10
 2.35251835E+10 2.53936554E+10 2.83617246E+10 3.70972323E+10 4.90828424E+10
 7.32280947E+10 1.52643503E+11 1.64429184E+11 2.25015733E+11 2.75922941E+11
 2.98857619E+11 4.50761955E+11 7.25580458E+11 1.60776753E+12 2.84534688E+12
 4.42538701E+12 8.60736666E+12 1.41477024E+13 2.10150327E+13 2.91912693E+13
 3.86525391E+13 4.93778323E+13 1.21322774E+14 2.22292150E+14 3.50705967E+14
 5.05313813E+14 8.89184274E+14 1.93460711E+15 3.32188170E+15 5.02715678E+15
 1.05717435E+16 2.65751347E+16 6.13490867E+16 1.25373078E+17 3.06194060E+17
 1.01727171E+18 4.89781609E+18 1.59445818E+19 5.15470557E+19 0.00000000E+00
 2.32950072E+04 4.58122850E+04 1.12011567E+05 2.20317999E+05 4.33456552E+05
 1.06090542E+06 2.08858787E+06 4.11083553E+06 1.00491180E+07 1.97207583E+07
 2.92188440E+07 4.78751874E+07 7.53049846E+07 1.11230168E+08 1.81908666E+08
 2.69461548E+08 4.45663746E+08 7.19041189E+08 1.10672965E+09 1.96439285E+09
 2.54888970E+09 3.16247550E+09 4.45189328E+09 5.79951574E+09 7.22939774E+09
 1.01502112E+10 1.30019815E+10 1.57276957E+10 1.84834765E+10 2.14521335E+10
 2.48160320E+10 2.67101648E+10 2.87811050E+10 2.92247050E+10 3.12205517E+10
 3.43575943E+10 4.34602132E+10 5.57847535E+10 8.04199691E+10 1.60642313E+11
 1.72541999E+11 2.34113031E+11 2.86050235E+11 3.09353316E+11 4.62321995E+11
 7.38414411E+11 1.62342840E+12 2.86391203E+12 4.44691125E+12 8.63492917E+12
 1.41814190E+13 2.10549877E+13 2.92375271E+13 3.87051497E+13 4.94368352E+13
 1.21414089E+14 2.22415973E+14 3.50862188E+14 5.05502141E+14 8.89435514E+14
 1.93497733E+15 3.32236031E+15 5.02773256E+15 1.05725143E+16 2.65761227E+16
 6.13501297E+16 1.25373990E+17 3.06194637E+17 1.01727184E+18 4.89781582E+18
 1.59445813E+19 5.15470549E+19 0.00000000E+00 2.78151494E+04 5.46863399E+04
 1.33678028E+05 2.62934423E+05 5.17417031E+05 1.26740174E+06 2.49792517E+06
 4.92516480E+06 1.20833031E+07 2.38066335E+07 3.53749003E+07 5.82126291E+07
 9.19893186E+07 1.36477838E+08 2.24529071E+08 3.34138902E+08 5.55324094E+08
 8.98015578E+08 1.38134580E+09 2.44129309E+09 3.15953370E+09 3.91214581E+09
 5.49354006E+09 7.16375471E+09 8.93659828E+09 1.25674020E+10 1.61160976E+10
 1.94876822E+10 2.28147456E+10 2.62913349E+10 3.00926767E+10 3.21776125E+10
 3.44202897E+10 3.48965119E+10 3.70268704E+10 4.03407132E+10 4.98230238E+10
 6.24944308E+10 8.76274375E+10 1.68663260E+11 1.80677500E+11 2.43234329E+11
 2.96198817E+11 3.19868599E+11 4.73895029E+11 7.51251719E+11 1.63906537E+12
 2.88242099E+12 4.46834428E+12 8.66232678E+12 1.42148966E+13 2.10946320E+13
 2.92834065E+13 3.87573196E+13 4.94953410E+13 1.21504726E+14 2.22539129E+14
 3.51017951E+14 5.05690427E+14 8.89688168E+14 1.93535437E+15 3.32285425E+15
 5.02833502E+15 1.05733498E+16 2.65772721E+16 6.13514667E+16 1.25375293E+17
 3.06195606E+17 1.01727219E+18 4.89781558E+18 1.59445807E+19 5.15470540E+19
 0.00000000E+00 3.24558199E+04 6.37760682E+04 1.55798893E+05 3.06330401E+05
 6.02677387E+05 1.47629539E+06 2.91079239E+06 5.74410519E+06 1.41215008E+07
 2.78904772E+07 4.15201229E+07 6.85177839E+07 1.08604606E+08 1.61603451E+08
 2.66914351E+08 3.98429864E+08 6.64258419E+08 1.07563367E+09 1.65348041E+09
 2.91233883E+09 3.76146528E+09 4.64974295E+09 6.51524716E+09 8.50337805E+09
 1.06142577E+10 1.49463110E+10 1.91865229E+10 2.32030199E+10 2.71004265E+10
 3.10887221E+10 3.53362050E+10 3.76181892E+10 4.00401339E+10 4.05505887E+10
 4.28214883E+10 4.63187637E+10 5.61914793E+10 6.92165426E+10 9.48540937E+10
 1.76709110E+11 1.88838393E+11 2.52382305E+11 3.06371904E+11 3.30406969E+11
 4.85485618E+11 7.64098422E+11 1.65468834E+12 2.90088786E+12 4.48970441E+12
 8.68958540E+12 1.42481669E+13 2.11340011E+13 2.93289446E+13 3.88090845E+13
 4.95533817E+13 1.21594661E+14 2.22661464E+14 3.51172909E+14 5.05878059E+14
 8.89940890E+14 1.93573460E+15 3.32335676E+15 5.02895349E+15 1.05742279E+16
 2.65785400E+16 6.13530481E+16 1.25376966E+17 3.06197021E+17 1.01727284E+18
 4.89781543E+18 1.59445801E+19 5.15470531E+19 0.00000000E+00 4.20982907E+04
 8.26027179E+04 2.01409394E+05 3.95482577E+05 7.77166697E+05 1.90155021E+06
 3.74784288E+06 7.39763180E+06 1.82155577E+07 3.60646046E+07 5.37976844E+07
 8.90650425E+07 1.41682936E+08 2.11571269E+08 3.51118801E+08 5.26067302E+08
 8.80343638E+08 1.42757098E+09 2.19182483E+09 3.84082137E+09 4.94524380E+09
 6.09721178E+09 8.51286272E+09 1.11286147E+10 1.39063938E+10 1.96241954E+10
 2.52376791E+10 3.05445058E+10 3.55802614E+10 4.06010689E+10 4.57621125E+10
 4.84535593E+10 5.12526118E+10 5.18355084E+10 5.44024220E+10 5.82830537E+10
 6.89634019E+10 8.27129005E+10 1.09376802E+11 1.92885168E+11 2.05245868E+11
 2.70768009E+11 3.26803260E+11 3.51565602E+11 5.08735619E+11 7.89841104E+11
 1.68592629E+12 2.93774377E+12 4.53226916E+12 8.74377768E+12 1.43142035E+13
 2.12120529E+13 2.94191524E+13 3.89115673E+13 4.96682416E+13 1.21772539E+14
 2.22903593E+14 3.51479974E+14 5.06250425E+14 8.90444143E+14 1.93649760E+15
 3.32437342E+15 5.03021556E+15 1.05760606E+16 2.65813134E+16 6.13567625E+16
 1.25381263E+17 3.06201243E+17 1.01727541E+18 4.89781557E+18 1.59445790E+19
 5.15470509E+19 0.00000000E+00 1.03909190E+05 2.03119616E+05 4.92306981E+05
 9.61423722E+05 1.87796587E+06 4.55439580E+06 8.91037442E+06 1.74608725E+07
 4.26237831E+07 8.39495419E+07 1.24941017E+08 2.06446504E+08 3.28126397E+08
 4.89909492E+08 8.13229330E+08 1.21836303E+09 2.03540263E+09 3.28379693E+09
 4.99736156E+09 8.59916050E+09 1.09635215E+10 1.34079949E+10 1.85276142E+10
 2.41186100E+10 3.01460547E+10 4.27709720E+10 5.52772420E+10 6.69464856E+10
 7.76766348E+10 8.79944211E+10 9.80058062E+10 1.02944632E+11 1.07869429E+11
 1.08866188E+11 1.13107095E+11 1.19121379E+11 1.34199796E+11 1.51811808E+11
 1.83849862E+11 2.75859235E+11 2.89398555E+11 3.64911958E+11 4.31164002E+11
 4.59541797E+11 6.27049717E+11 9.20407135E+11 1.84332566E+12 3.12240671E+12
 4.74452852E+12 9.01202682E+12 1.46393110E+13 2.15947425E+13 2.98600487E+13
 3.94112213E+13 5.02271427E+13 1.22633580E+14 2.24074060E+14 3.52964934E+14
 5.08053559E+14 8.92891109E+14 1.94024791E+15 3.32943226E+15 5.03657764E+15
 1.05856216E+16 2.65968847E+16 6.13801713E+16 1.25412893E+17 3.06242920E+17
 1.01732116E+18 4.89784035E+18 1.59445839E+19 5.15470413E+19 0.00000000E+00
 1.79275842E+05 3.49774712E+05 8.44963677E+05 1.64502991E+06 3.20122557E+06
 7.71494881E+06 1.50159451E+07 2.92562052E+07 7.08371975E+07 1.38674477E+08
 2.05695785E+08 3.38561298E+08 5.36407069E+08 7.98988477E+08 1.32290951E+09
 1.97840354E+09 3.29757180E+09 5.30600831E+09 8.04954637E+09 1.37820285E+10
 1.75366404E+10 2.14269003E+10 2.96420856E+10 3.83828010E+10 4.76246514E+10
 6.69177351E+10 8.62209896E+10 1.04342916E+11 1.20946785E+11 1.36811887E+11
 1.52028873E+11 1.59438567E+11 1.66745449E+11 1.68210145E+11 1.74330584E+11
 1.82712771E+11 2.02588606E+11 2.24339841E+11 2.62053023E+11 3.62889977E+11
 3.77643039E+11 4.63358213E+11 5.39927747E+11 5.71936797E+11 7.49772746E+11
 1.05530313E+12 2.00467703E+12 3.31044338E+12 4.95943778E+12 9.28116300E+12
 1.49632393E+13 2.19739691E+13 3.02950354E+13 3.99023949E+13 5.07748957E+13
 1.23469307E+14 2.25204597E+14 3.54395565E+14 5.09788534E+14 8.95245920E+14
 1.94386634E+15 3.33433868E+15 5.04278569E+15 1.05951100E+16 2.66129135E+16
 6.14057019E+16 1.25450226E+17 3.06300389E+17 1.01740992E+18 4.89793558E+18
 1.59446391E+19 5.15470529E+19 0.00000000E+00 2.65740893E+05 5.18029583E+05
 1.24940613E+06 2.42815051E+06 4.71485798E+06 1.13225544E+07 2.19615251E+07
 4.26186941E+07 1.02584599E+08 1.99874431E+08 2.95651050E+08 4.84959636E+08
 7.66075267E+08 1.13836901E+09 1.87970565E+09 2.80557172E+09 4.66540904E+09
 7.49036900E+09 1.13388179E+10 1.93509150E+10 2.45846778E+10 2.99995624E+10
 4.14022569E+10 5.34010625E+10 6.59750356E+10 9.21324156E+10 1.18414801E+11
 1.43242753E+11 1.66050591E+11 1.87794301E+11 2.08566970E+11 2.18635714E+11
 2.28522934E+11 2.30496144E+11 2.38651604E+11 2.49581269E+11 2.74569567E+11
 3.00687490E+11 3.44336485E+11 4.54314370E+11 4.70317873E+11 5.66487954E+11
 6.53557364E+11 6.89248851E+11 8.77521999E+11 1.19530824E+12 2.17117652E+12
 3.50352875E+12 5.17919261E+12 9.55450617E+12 1.52905021E+13 2.23554804E+13
 3.07311161E+13 4.03933282E+13 5.13210331E+13 1.24295384E+14 2.26316414E+14
 3.55797880E+14 5.11485349E+14 8.97541551E+14 1.94738888E+15 3.33911545E+15
 5.04883548E+15 1.06043936E+16 2.66287594E+16 6.14313799E+16 1.25488700E+17
 3.06362729E+17 1.01751983E+18 4.89810273E+18 1.59447831E+19 5.15471215E+19
 0.00000000E+00 4.65471677E+05 9.07152836E+05 2.18590726E+06 4.24328196E+06
 8.22316543E+06 1.96763734E+07 3.80232972E+07 7.34461608E+07 1.75472014E+08
 3.39672679E+08 5.00430997E+08 8.16645405E+08 1.28393634E+09 1.90030838E+09
 3.12276968E+09 4.64402948E+09 7.68870571E+09 1.22940526E+10 1.85394546E+10
 3.14577427E+10 3.98438399E+10 4.84801786E+10 6.65293973E+10 8.53493478E+10
 1.04928716E+11 1.45473384E+11 1.86287954E+11 2.25249714E+11 2.61556379E+11
 2.96180462E+11 3.29207496E+11 3.45171587E+11 3.60804409E+11 3.63911211E+11
 3.76586456E+11 3.93139202E+11 4.29302101E+11 4.64859373E+11 5.21214562E+11
 6.50527640E+11 6.69159969E+11 7.87169089E+11 8.95981998E+11 9.39266167E+11
 1.14896659E+12 1.49179896E+12 2.52145908E+12 3.90744543E+12 5.63665778E+12
 1.01190051E+13 1.59621351E+13 2.31344731E+13 3.16177657E+13 4.13879687E+13
 5.24240183E+13 1.25945508E+14 2.28522260E+14 3.58567104E+14 5.14824717E+14
 9.02038635E+14 1.95425659E+15 3.34840913E+15 5.06059628E+15 1.06224485E+16
 2.66597160E+16 6.14820087E+16 1.25565595E+17 3.06490997E+17 1.01776437E+18
 4.89857601E+18 1.59453570E+19 5.15475644E+19 0.00000000E+00 6.93641004E+05
 1.35255380E+06 3.26057570E+06 6.32956347E+06 1.22625222E+07 2.93073436E+07
 5.65442732E+07 1.08973945E+08 2.59279678E+08 4.99914747E+08 7.34591237E+08
 1.19454729E+09 1.87168872E+09 2.76187222E+09 4.52121228E+09 6.70339511E+09
 1.10558352E+10 1.76139953E+10 2.64718356E+10 4.46894854E+10 5.64503934E+10
 6.85121993E+10 9.35643279E+10 1.19572687E+11 1.46534558E+11 2.02168898E+11
 2.58139689E+11 3.12035071E+11 3.63033360E+11 4.11881155E+11 4.58590684E+11
 4.81183479E+11 5.03306528E+11 5.07696264E+11 5.25478086E+11 5.48360462E+11
 5.97020010E+11 6.43045974E+11 7.13372358E+11 8.63694746E+11 8.85163806E+11
 1.02656234E+12 1.15841204E+12 1.20969444E+12 1.44183688E+12 1.81074292E+12
 2.89591575E+12 4.33679307E+12 6.12049685E+12 1.07110661E+13 1.66618482E+13
 2.39415737E+13 3.25321607E+13 4.24096706E+13 5.35531080E+13 1.27614092E+14
 2.30735095E+14 3.61329705E+14 5.18142215E+14 9.06479978E+14 1.96099350E+15
 3.35749173E+15 5.07206504E+15 1.06400144E+16 2.66898455E+16 6.15314853E+16
 1.25641280E+17 3.06619277E+17 1.01801976E+18 4.89914434E+18 1.59462172E+19
 5.15485002E+19 0.00000000E+00 9.44121235E+05 1.84251129E+06 4.44602840E+06
 8.63565332E+06 1.67362146E+07 3.99979954E+07 7.71349413E+07 1.48505395E+08
 3.52516914E+08 6.78003702E+08 9.94547762E+08 1.61328563E+09 2.52147723E+09
 3.71219399E+09 6.05850784E+09 8.96036822E+09 1.47304679E+10 2.33944445E+10
 3.50543176E+10 5.89175111E+10 7.42500189E+10 8.99219955E+10 1.22312268E+11
 1.55837503E+11 1.90496853E+11 2.61780957E+11 3.33430406E+11 4.02919439E+11
 4.69478424E+11 5.33569510E+11 5.95111006E+11 6.24949198E+11 6.54195893E+11
 6.59996892E+11 6.83397430E+11 7.13244977E+11 7.75649158E+11 8.33161504E+11
 9.18768435E+11 1.09195141E+12 1.11649461E+12 1.28312105E+12 1.43961028E+12
 1.49940299E+12 1.75529804E+12 2.15163046E+12 3.29465346E+12 4.79221834E+12
 6.63183282E+12 1.13327321E+13 1.73926061E+13 2.47806908E+13 3.34791861E+13
 4.34643289E+13 5.47152400E+13 1.29313154E+14 2.32973575E+14 3.64110743E+14
 5.21469470E+14 9.10910543E+14 1.96767017E+15 3.36645918E+15 5.08336020E+15
 1.06572557E+16 2.67193563E+16 6.15799688E+16 1.25715632E+17 3.06746152E+17
 1.01827724E+18 4.89975501E+18 1.59472502E+19 5.15498760E+19 0.00000000E+00
 1.21255363E+06 2.36861676E+06 5.72236895E+06 1.11236208E+07 2.15724636E+07
 5.15893321E+07 9.94951285E+07 1.91492923E+08 4.54031010E+08 8.71888264E+08
 1.27745015E+09 2.06856096E+09 3.22709872E+09 4.74265067E+09 7.72165649E+09
 1.13967864E+10 1.86845877E+10 2.95934142E+10 4.42279367E+10 7.40499484E+10
 9.31345835E+10 1.12586964E+11 1.52627315E+11 1.93967567E+11 2.36600379E+11
 3.24020762E+11 4.11823826E+11 4.97474505E+11 5.80262049E+11 6.60371646E+11
 7.37632053E+11 7.75197875E+11 8.12074303E+11 8.19390247E+11 8.48828288E+11
 8.86172454E+11 9.63385822E+11 1.03330107E+12 1.13541702E+12 1.33326888E+12
 1.36112421E+12 1.55487787E+12 1.73776078E+12 1.80663938E+12 2.08780509E+12
 2.51316983E+12 3.71692822E+12 5.27342595E+12 7.17076459E+12 1.19847532E+13
 1.81557302E+13 2.56536925E+13 3.44612558E+13 4.45549109E+13 5.59139465E+13
 1.31049806E+14 2.35247571E+14 3.66923622E+14 5.24823580E+14 9.15355112E+14
 1.97432758E+15 3.37536790E+15 5.09455346E+15 1.06742786E+16 2.67484067E+16
 6.16276494E+16 1.25788802E+17 3.06871404E+17 1.01853402E+18 4.90038540E+18
 1.59483852E+19 5.15515864E+19 0.00000000E+00 1.79082428E+06 3.50506307E+06
 8.48995348E+06 1.65344618E+07 3.21237849E+07 7.69746748E+07 1.48614132E+08
 2.86175770E+08 6.78219824E+08 1.30058591E+09 1.90313128E+09 3.07524797E+09
 4.78598707E+09 7.01651256E+09 1.13840449E+10 1.67504782E+10 2.73440489E+10
 4.31184874E+10 6.41676416E+10 1.06756940E+11 1.33835528E+11 1.61311916E+11
 2.17517228E+11 2.75292838E+11 3.34599338E+11 4.55605480E+11 5.77048855E+11
 6.96492260E+11 8.13293571E+11 9.27192710E+11 1.03788157E+12 1.09198390E+12
 1.14526172E+12 1.15584184E+12 1.19830342E+12 1.25184697E+12 1.36118631E+12
 1.45810249E+12 1.59626961E+12 1.84817895E+12 1.88330248E+12 2.13666572E+12
 2.37750090E+12 2.46630560E+12 2.80281787E+12 3.29149791E+12 4.62663031E+12
 6.30922639E+12 8.32882227E+12 1.33795274E+13 1.97805618E+13 2.75043773E+13
 3.65349723E+13 4.68496543E+13 5.84282370E+13 1.34649372E+14 2.39923641E+14
 3.72674423E+14 5.31650300E+14 9.24342004E+14 1.98767823E+15 3.39314214E+15
 5.11680619E+15 1.07079357E+16 2.68055554E+16 6.17211996E+16 1.25932272E+17
 3.07117395E+17 1.01904224E+18 4.90166812E+18 1.59508155E+19 5.15556633E+19
 0.00000000E+00 2.40974352E+06 4.72527062E+06 1.14744567E+07 2.23909491E+07
 4.35850541E+07 1.04690920E+08 2.02448371E+08 3.90344485E+08 9.25902455E+08
 1.77538620E+09 2.59674763E+09 4.19204813E+09 6.51546121E+09 9.53803635E+09
 1.54398978E+10 2.26694741E+10 3.68912806E+10 5.79798856E+10 8.59985165E+10
 1.42372759E+11 1.78033757E+11 2.14094783E+11 2.87513508E+11 3.62676491E+11
 4.39508297E+11 5.95711948E+11 7.52460431E+11 9.07401575E+11 1.05989603E+12
 1.20943201E+12 1.35555354E+12 1.42726552E+12 1.49807341E+12 1.51214875E+12
 1.56857055E+12 1.63951702E+12 1.78348010E+12 1.90960050E+12 2.08691941E+12
 2.39789850E+12 2.44098834E+12 2.75989498E+12 3.06474311E+12 3.17559181E+12
 3.57343099E+12 4.13223571E+12 5.61251450E+12 7.43341193E+12 9.58592531E+12
 1.48906285E+13 2.15348959E+13 2.94948858E+13 3.87569215E+13 4.92996362E+13
 6.11037118E+13 1.38429818E+14 2.44790334E+14 3.78619530E+14 5.38670759E+14
 9.33512353E+14 2.00116754E+15 3.41098929E+15 5.13905258E+15 1.07413497E+16
 2.68619034E+16 6.18130421E+16 1.26072831E+17 3.07358337E+17 1.01954233E+18
 4.90295536E+18 1.59533449E+19 5.15602506E+19 0.00000000E+00 4.40662834E+06
 8.68099226E+06 2.12170909E+07 4.16164355E+07 8.14414747E+07 1.97031869E+08
 3.83060698E+08 7.42255234E+08 1.77036150E+09 3.40411678E+09 4.98361455E+09
 8.04735418E+09 1.24984298E+10 1.82703107E+10 2.94893343E+10 4.31584953E+10
 6.98675711E+10 1.09143868E+11 1.60867168E+11 2.63735888E+11 3.28138259E+11
 3.92813238E+11 5.23273250E+11 6.55399117E+11 7.89113490E+11 1.05943181E+12
 1.33093995E+12 1.60096204E+12 1.86855455E+12 2.13313684E+12 2.39407809E+12
 2.52305010E+12 2.65098888E+12 2.67647614E+12 2.77852458E+12 2.90644164E+12
 3.16409970E+12 3.38656269E+12 3.69365386E+12 4.20167554E+12 4.27146674E+12
 4.81126415E+12 5.33376410E+12 5.51996569E+12 6.12861532E+12 6.92990991E+12
 8.91625672E+12 1.12216843E+13 1.38392224E+13 2.00247722E+13 2.74985979E+13
 3.62504941E+13 4.62764925E+13 5.75622181E+13 7.00934246E+13 1.50910277E+14
 2.60635421E+14 3.97769934E+14 5.61092407E+14 9.62424629E+14 2.04299273E+15
 3.46573823E+15 5.20677884E+15 1.08418260E+16 2.70291827E+16 6.20832331E+16
 1.26484030E+17 3.08060414E+17 1.02100055E+18 4.90676540E+18 1.59610607E+19
 5.15751975E+19 0.00000000E+00 5.79820850E+06 1.14491946E+07 2.80766512E+07
 5.52202474E+07 1.08381680E+08 2.63289552E+08 5.13542799E+08 9.98385492E+08
 2.39116335E+09 4.61046545E+09 6.75876201E+09 1.09284343E+10 1.69857192E+10
 2.48369574E+10 4.00787456E+10 5.86170399E+10 9.47493200E+10 1.47703645E+11
 2.17178795E+11 3.54652981E+11 4.40331506E+11 5.26112190E+11 6.98445888E+11
 8.72106808E+11 1.04695597E+12 1.39929729E+12 1.75349665E+12 2.10665105E+12
 2.45658614E+12 2.80342183E+12 3.14647138E+12 3.31644749E+12 3.48531058E+12
 3.51897905E+12 3.65374972E+12 3.82254863E+12 4.16188624E+12 4.45366147E+12
 4.85432159E+12 5.50500683E+12 5.59418710E+12 6.29491910E+12 6.97703359E+12
 7.21874412E+12 7.98341139E+12 8.96535534E+12 1.13327344E+13 1.40071621E+13
 1.69818001E+13 2.38475981E+13 3.19613968E+13 4.13196759E+13 5.19248523E+13
 6.37675660E+13 7.68378053E+13 1.60176263E+14 2.72266954E+14 4.11689783E+14
 5.77257337E+14 9.83002470E+14 2.07225277E+15 3.50360932E+15 5.25324554E+15
 1.09098418E+16 2.71407996E+16 6.22615857E+16 1.26753475E+17 3.08517458E+17
 1.02194633E+18 4.90925109E+18 1.59661771E+19 5.15854729E+19 0.00000000E+00
 9.34626688E+06 1.85295631E+07 4.57077864E+07 9.03427940E+07 1.78271984E+08
 4.36447017E+08 8.56747284E+08 1.67698186E+09 4.05384594E+09 7.87011208E+09
 1.15807021E+10 1.88050832E+10 2.93256762E+10 4.29769420E+10 6.94776171E+10
 1.01672242E+11 1.64251715E+11 2.55564166E+11 3.74716513E+11 6.08669175E+11
 7.53433423E+11 8.97673085E+11 1.18558479E+12 1.47410308E+12 1.76298632E+12
 2.34100075E+12 2.91813648E+12 3.49314826E+12 4.06504984E+12 4.63318310E+12
 5.19691122E+12 5.47698158E+12 5.75584159E+12 5.81149176E+12 6.03415076E+12
 6.31273792E+12 6.87133588E+12 7.34918294E+12 8.00113118E+12 9.03535273E+12
 9.17671913E+12 1.03112327E+13 1.14249346E+13 1.18171072E+13 1.30057201E+13
 1.44807936E+13 1.78969054E+13 2.15990280E+13 2.55786995E+13 3.43853317E+13
 4.43492400E+13 5.54731171E+13 6.77683651E+13 8.12331187E+13 9.58669859E+13
 1.86376323E+14 3.04969609E+14 4.50537192E+14 6.22037962E+14 1.03928407E+15
 2.15080562E+15 3.60399187E+15 5.37526219E+15 1.10856488E+16 2.74243775E+16
 6.27087246E+16 1.27422560E+17 3.09641644E+17 1.02425371E+18 4.91530540E+18
 1.59787299E+19 5.16111601E+19 0.00000000E+00 1.30851512E+07 2.56631176E+07
 6.35309690E+07 1.25951327E+08 2.49392732E+08 6.13699075E+08 1.21002472E+09
 2.37999086E+09 5.79403552E+09 1.13125389E+10 1.67023491E+10 2.72343820E+10
 4.26245213E+10 6.26438494E+10 1.01584548E+11 1.48935268E+11 2.40978034E+11
 3.75115196E+11 5.49749398E+11 8.91306852E+11 1.10183160E+12 1.31102546E+12
 1.72702961E+12 2.14224156E+12 2.55629307E+12 3.38130300E+12 4.20254371E+12
 5.02015513E+12 5.83313448E+12 6.64108794E+12 7.44366717E+12 7.84284637E+12
 8.24054088E+12 8.31993460E+12 8.63750010E+12 9.03456535E+12 9.82975023E+12
 1.05082161E+13 1.14309547E+13 1.28783458E+13 1.30759370E+13 1.46779136E+13
 1.62571062E+13 1.68117431E+13 1.84586218E+13 2.04680563E+13 2.50259674E+13
 2.98553852E+13 3.49468804E+13 4.59273079E+13 5.79962814E+13 7.11559009E+13
 8.54178674E+13 1.00785819E+14 1.17261262E+14 2.16211942E+14 3.42315100E+14
 4.94804003E+14 6.72845711E+14 1.10248549E+15 2.23739919E+15 3.71311353E+15
 5.50648544E+15 1.12712535E+16 2.77175620E+16 6.31634304E+16 1.28094719E+17
 3.10756739E+17 1.02651410E+18 4.92119270E+18 1.59909633E+19 5.16364711E+19
 0.00000000E+00 1.64715960E+07 3.27834127E+07 8.13424942E+07 1.61591197E+08
 3.20659194E+08 7.91817709E+08 1.56592359E+09 3.09057874E+09 7.56290220E+09
 1.48310986E+10 2.19567238E+10 3.59283882E+10 5.64132506E+10 8.31335058E+10
 1.35240247E+11 1.98725422E+11 3.22273151E+11 5.02384585E+11 7.36728152E+11
 1.19423533E+12 1.47563067E+12 1.75479057E+12 2.30867316E+12 2.86001019E+12
 3.40832756E+12 4.49794170E+12 5.58033026E+12 6.65695562E+12 7.72672112E+12
 8.78988784E+12 9.84623669E+12 1.03718651E+13 1.08957159E+13 1.10002986E+13
 1.14185077E+13 1.19412468E+13 1.29869929E+13 1.38778760E+13 1.50872054E+13
 1.69714641E+13 1.72284829E+13 1.93243738E+13 2.13953886E+13 2.21216770E+13
 2.42527117E+13 2.68270114E+13 3.25936624E+13 3.86197034E+13 4.48954819E+13
 5.82059182E+13 7.25512800E+13 8.79316073E+13 1.04359271E+14 1.21836757E+14
 1.40368077E+14 2.48860525E+14 3.83497597E+14 5.43789004E+14 7.29110581E+14
 1.17227888E+15 2.33204425E+15 3.83121751E+15 5.64735450E+15 1.14675562E+16
 2.80222636E+16 6.36293109E+16 1.28776065E+17 3.11874228E+17 1.02875241E+18
 4.92696811E+18 1.60029433E+19 5.16613468E+19 0.00000000E+00 2.06891872E+07
 3.98789288E+07 9.90984334E+07 1.97126537E+08 3.91792394E+08 9.69731401E+08
 1.92185263E+09 3.80231938E+09 9.34016328E+09 1.83780277E+10 2.72657467E+10
 4.47419824E+10 7.04442848E+10 1.04056397E+11 1.69772184E+11 2.50016820E+11
 4.06449763E+11 6.34767576E+11 9.31922004E+11 1.51171205E+12 1.86793720E+12
 2.22100790E+12 2.92055260E+12 3.61563693E+12 4.30568621E+12 5.67444515E+12
 7.03206086E+12 8.38136156E+12 9.72116880E+12 1.10524234E+13 1.23751676E+13
 1.30334882E+13 1.36895381E+13 1.38205458E+13 1.43443740E+13 1.49987377E+13
 1.63071523E+13 1.74204763E+13 1.89297000E+13 2.12709035E+13 2.15900623E+13
 2.42022452E+13 2.67869064E+13 2.76924633E+13 3.03291392E+13 3.34933576E+13
 4.05222820E+13 4.77993121E+13 5.53149533E+13 7.10720183E+13 8.78191533E+13
 1.05555887E+14 1.24293473E+14 1.44034339E+14 1.64782716E+14 2.83699581E+14
 4.27783548E+14 5.96740988E+14 7.90121398E+14 1.24810980E+15 2.43448881E+15
 3.95825172E+15 5.79797190E+15 1.16749536E+16 2.83394206E+16 6.41082116E+16
 1.29469785E+17 3.13000286E+17 1.03098287E+18 4.93266763E+18 1.60147274E+19
 5.16858305E+19 0.00000000E+00 2.76609870E+07 5.40044582E+07 1.34446532E+08
 2.72910172E+08 5.33406922E+08 1.32417724E+09 2.63131760E+09 5.22235528E+09
 1.28927046E+10 2.54830710E+10 3.79190004E+10 6.24782040E+10 9.87665452E+10
 1.46429297E+11 2.40043007E+11 3.54838078E+11 5.79507062E+11 9.08474930E+11
 1.33745959E+12 2.17511444E+12 2.68958833E+12 3.19916385E+12 4.20750404E+12
 5.20747268E+12 6.19829882E+12 8.15955992E+12 1.01011827E+13 1.20287270E+13
 1.39409041E+13 1.58399132E+13 1.77265329E+13 1.86653794E+13 1.96013409E+13
 1.97882092E+13 2.05351410E+13 2.14679696E+13 2.33311147E+13 2.49141733E+13
 2.70564866E+13 3.03615078E+13 3.08116824E+13 3.45119358E+13 3.81788777E+13
 3.94619686E+13 4.31629308E+13 4.75684760E+13 5.72534110E+13 6.71628282E+13
 7.72895710E+13 9.82077483E+13 1.20039220E+14 1.42784634E+14 1.66455762E+14
 1.91054861E+14 2.16586068E+14 3.58313955E+14 5.23484470E+14 7.12020209E+14
 9.23702728E+14 1.41528596E+15 2.66095028E+15 4.23806449E+15 6.12796295E+15
 1.21235069E+16 2.90129579E+16 6.51089537E+16 1.30901235E+17 3.15291749E+17
 1.03545289E+18 4.94392945E+18 1.60378443E+19 5.17338375E+19 0.00000000E+00
 3.46485533E+07 6.89574478E+07 1.69628692E+08 3.41280665E+08 6.89258328E+08
 1.67685448E+09 3.33725892E+09 6.63565897E+09 1.64313504E+10 3.25668271E+10
 4.85504827E+10 8.02051368E+10 1.27131286E+11 1.88959858E+11 3.10830133E+11
 4.60793239E+11 7.55328668E+11 1.18807759E+12 1.75378801E+12 2.86058001E+12
 3.54090749E+12 4.21487720E+12 5.54829355E+12 6.86973088E+12 8.17823419E+12
 1.07661128E+13 1.33257605E+13 1.58652121E+13 1.83831415E+13 2.08830577E+13
 2.33664066E+13 2.46021456E+13 2.58341079E+13 2.60800935E+13 2.70631830E+13
 2.82903067E+13 3.07401241E+13 3.28196654E+13 3.56308441E+13 3.99538795E+13
 4.05423974E+13 4.53911872E+13 5.01998226E+13 5.18810703E+13 5.67041648E+13
 6.24181455E+13 7.49015860E+13 8.75838596E+13 1.00460727E+14 1.26820705E+14
 1.54021919E+14 1.82071128E+14 2.10982532E+14 2.40760712E+14 2.71410096E+14
 4.37835343E+14 6.26275672E+14 8.36752618E+14 1.06917596E+15 1.59915840E+15
 2.91245929E+15 4.54934139E+15 6.49429951E+15 1.26165966E+16 2.97401069E+16
 6.61703702E+16 1.32397675E+17 3.17648505E+17 1.03996680E+18 4.95510209E+18
 1.60606053E+19 5.17808629E+19 0.00000000E+00 5.54999049E+07 1.10927937E+08
 2.75989467E+08 5.53523095E+08 1.10577513E+09 2.72846819E+09 5.44171125E+09
 1.08473694E+10 2.69718409E+10 5.36714242E+10 8.02270864E+10 1.33047543E+11
 2.11753250E+11 3.15981123E+11 5.22683615E+11 7.78666025E+11 1.28496399E+12
 2.03443035E+12 3.02062187E+12 4.96226238E+12 6.16056333E+12 7.34992782E+12
 9.70702574E+12 1.20446276E+13 1.43613821E+13 1.89459805E+13 2.34812611E+13
 2.79801097E+13 3.24413272E+13 3.68709848E+13 4.12718983E+13 4.34624331E+13
 4.56465629E+13 4.60826794E+13 4.78253194E+13 4.99998701E+13 5.43377595E+13
 5.80157019E+13 6.29807008E+13 7.05819732E+13 7.16160176E+13 8.01638752E+13
 8.86492491E+13 9.16126699E+13 1.00049181E+14 1.09975986E+14 1.31467495E+14
 1.53074021E+14 1.74802689E+14 2.18680242E+14 2.63185421E+14 3.08351073E+14
 3.54211455E+14 4.00781073E+14 4.48069706E+14 6.95626719E+14 9.61958949E+14
 1.24729981E+15 1.55171638E+15 2.21780581E+15 3.77665135E+15 5.63182864E+15
 7.77557494E+15 1.43411731E+16 3.22404649E+16 6.97328683E+16 1.37309765E+17
 3.25181785E+17 1.05395513E+18 4.98866317E+18 1.61278549E+19 5.19183640E+19
 0.00000000E+00 6.94030179E+07 1.38727819E+08 3.46506267E+08 6.92436770E+08
 1.38351211E+09 3.42675584E+09 6.83865414E+09 1.36419428E+10 3.39626113E+10
 6.76615374E+10 1.01220214E+11 1.68061525E+11 2.67816799E+11 4.00138338E+11
 6.63091808E+11 9.89458284E+11 1.63665848E+12 2.59758675E+12 3.86563045E+12
 6.37007923E+12 7.91943884E+12 9.45907319E+12 1.25147138E+13 1.55482931E+13
 1.85583280E+13 2.45218684E+13 3.04270258E+13 3.62880484E+13 4.21038717E+13
 4.78813392E+13 5.36238925E+13 5.64829123E+13 5.93342337E+13 5.99036199E+13
 6.21788092E+13 6.50180300E+13 7.06813338E+13 7.54820727E+13 8.19610209E+13
 9.18687453E+13 9.32163760E+13 1.04368925E+14 1.15445618E+14 1.19313020E+14
 1.30298047E+14 1.43197447E+14 1.71049314E+14 1.98960318E+14 2.26944981E+14
 2.83210509E+14 3.39961240E+14 3.97252075E+14 4.55127897E+14 5.13615376E+14
 5.72735029E+14 8.78256750E+14 1.20083277E+15 1.54086759E+15 1.89850570E+15
 2.66692393E+15 4.41551676E+15 6.44338161E+15 8.74587591E+15 1.56636356E+16
 3.41566258E+16 7.24216042E+16 1.40947541E+17 3.30620989E+17 1.06373865E+18
 5.01135949E+18 1.61724831E+19 5.20083105E+19 0.00000000E+00 1.04165735E+08
 2.08238652E+08 5.20228880E+08 1.03978846E+09 2.07800807E+09 5.18875324E+09
 1.03660504E+10 2.06097152E+10 5.13842428E+10 1.02510253E+11 1.53507244E+11
 2.55236648E+11 4.07340641E+11 6.09514942E+11 1.01228759E+12 1.51358457E+12
 2.51102839E+12 3.99791253E+12 5.96787619E+12 9.87702175E+12 1.23042913E+13
 1.47217479E+13 1.95320221E+13 2.43182339E+13 2.90788242E+13 3.85360919E+13
 4.79245975E+13 5.72589314E+13 6.65382414E+13 7.57697854E+13 8.49572224E+13
 8.95354674E+13 9.41037067E+13 9.50162282E+13 9.86630946E+13 1.03214774E+14
 1.12297306E+14 1.19998202E+14 1.30392123E+14 1.46272488E+14 1.48432908E+14
 1.66343432E+14 1.84152226E+14 1.90370206E+14 2.07988004E+14 2.28632019E+14
 2.73080180E+14 3.17471259E+14 3.61832192E+14 4.50576385E+14 5.39485577E+14
 6.28653935E+14 7.18161567E+14 8.08056374E+14 8.98379325E+14 1.35727137E+15
 1.82950482E+15 2.31601038E+15 2.81723466E+15 3.86480757E+15 6.14260544E+15
 8.66490100E+15 1.14312329E+16 1.93987541E+16 3.96658812E+16 8.01562789E+16
 1.51291834E+17 3.45733349E+17 1.09000778E+18 5.06996824E+18 1.62851265E+19
 5.22316223E+19 0.00000000E+00 1.73704166E+08 3.47289653E+08 8.67758280E+08
 1.73467816E+09 3.46740960E+09 8.66086414E+09 1.73079257E+10 3.45837119E+10
 8.62404405E+10 1.72022401E+11 2.57768106E+11 4.28992750E+11 6.85362128E+11
 1.02657074E+12 1.70747958E+12 2.55657556E+12 4.24998486E+12 6.78156058E+12
 1.01455099E+13 1.68452753E+13 2.10179878E+13 2.51815578E+13 3.34857211E+13
 4.17669172E+13 5.00237069E+13 6.64746171E+13 8.28559158E+13 9.91805082E+13
 1.15447604E+14 1.31663001E+14 1.47830305E+14 1.55895843E+14 1.63950988E+14
 1.65560719E+14 1.71995895E+14 1.80032060E+14 1.96080131E+14 2.09697168E+14
 2.28089006E+14 2.56196648E+14 2.60023101E+14 2.91804756E+14 3.23463279E+14
 3.34523627E+14 3.65824226E+14 4.02474338E+14 4.81323115E+14 5.59989182E+14
 6.38510007E+14 7.95233297E+14 9.51707568E+14 1.10806186E+15 1.26440217E+15
 1.42080369E+15 1.57732347E+15 2.36315702E+15 3.15656307E+15 3.95936381E+15
 4.77257835E+15 6.43257832E+15 9.89462641E+15 1.35531479E+16 1.74121699E+16
 2.79420857E+16 5.27420133E+16 9.89928754E+16 1.76649129E+17 3.82231785E+17
 1.15070918E+18 5.19711328E+18 1.65199174E+19 5.26825926E+19 0.00000000E+00
 2.78029850E+08 5.55907012E+08 1.38917151E+09 2.77727934E+09 5.55210573E+09
 1.38706865E+10 2.77243998E+10 5.54095740E+10 1.38371141E+11 2.76469904E+11
 4.14437705E+11 6.89639245E+11 1.10317607E+12 1.65104782E+12 2.74810903E+12
 4.11739633E+12 6.85121896E+12 1.09436227E+13 1.63891665E+13 2.72537064E+13
 3.40304866E+13 4.07987647E+13 5.43142589E+13 6.78085743E+13 8.12804789E+13
 1.08166279E+14 1.34987020E+14 1.61754204E+14 1.88467049E+14 2.15130308E+14
 2.41746734E+14 2.55038546E+14 2.68319752E+14 2.70974567E+14 2.81589803E+14
 2.94851204E+14 3.21350587E+14 3.43851832E+14 3.74263341E+14 4.20763676E+14
 4.27098296E+14 4.79782514E+14 5.32332344E+14 5.50704236E+14 6.02685104E+14
 6.63559191E+14 7.94578954E+14 9.25372724E+14 1.05596346E+15 1.31665912E+15
 1.57687545E+15 1.83673333E+15 2.09633881E+15 2.35576671E+15 2.61507611E+15
 3.91153724E+15 5.21040964E+15 6.51401439E+15 7.82372022E+15 1.04650415E+16
 1.58486290E+16 2.13807049E+16 2.70702497E+16 4.20075892E+16 7.49931311E+16
 1.32230727E+17 2.22708094E+17 4.49884763E+17 1.26158030E+18 5.41528585E+18
 1.69034662E+19 5.33891308E+19 0.00000000E+00 4.17149721E+08 8.34106185E+08
 2.08451570E+09 4.16769718E+09 8.33234251E+09 2.08189919E+10 4.16170533E+10
 8.31862087E+10 2.07780760E+11 4.15235947E+11 6.22536390E+11 1.03683708E+12
 1.65776778E+12 2.48330709E+12 4.13527676E+12 6.19710632E+12 1.03165631E+13
 1.64872098E+13 2.47035160E+13 4.11097117E+13 5.13501910E+13 6.15825342E+13
 8.20265704E+13 1.02450503E+14 1.22853378E+14 1.63604562E+14 2.04294379E+14
 2.44933488E+14 2.85521236E+14 3.26062584E+14 3.66559149E+14 3.86791476E+14
 4.07013721E+14 4.11056939E+14 4.27226299E+14 4.47430818E+14 4.87815651E+14
 5.22121118E+14 5.68505316E+14 6.39456153E+14 6.49124911E+14 7.29592458E+14
 8.09935787E+14 8.38035325E+14 9.17531208E+14 1.01064707E+15 1.21116449E+15
 1.41145715E+15 1.61154255E+15 2.01119795E+15 2.41031512E+15 2.80900746E+15
 3.20735388E+15 3.60542207E+15 4.00327924E+15 5.99072882E+15 7.97756005E+15
 9.96602895E+15 1.19576027E+16 1.59536105E+16 2.40131641E+16 3.21801984E+16
 4.04672637E+16 6.17497158E+16 1.06862951E+17 1.81082060E+17 2.92295622E+17
 5.55859500E+17 1.44032714E+18 5.75790362E+18 1.74795249E+19 5.44049195E+19
 0.00000000E+00 6.95425152E+08 1.39058608E+09 3.47544153E+09 6.94907458E+09
 1.38940170E+10 3.47190852E+10 6.94102364E+10 1.38756838E+11 3.46649109E+11
 6.92874287E+11 1.03890251E+12 1.73057473E+12 2.76743198E+12 4.14790574E+12
 6.91016174E+12 1.03563243E+13 1.72465180E+13 2.75720864E+13 4.13271465E+13
 6.88086716E+13 8.59705419E+13 1.03123723E+14 1.37409199E+14 1.71674130E+14
 2.05918091E+14 2.74352336E+14 3.42726874E+14 4.11052571E+14 4.79329242E+14
 5.47561645E+14 6.15751207E+14 6.49830627E+14 6.83900532E+14 6.90713601E+14
 7.17962914E+14 7.52014483E+14 8.20099644E+14 8.77951663E+14 9.56194269E+14
 1.07590363E+15 1.09222189E+15 1.22810863E+15 1.36387463E+15 1.41137343E+15
 1.54574526E+15 1.70316620E+15 2.04229239E+15 2.38121774E+15 2.71995349E+15
 3.39694892E+15 4.07344450E+15 4.74952670E+15 5.42527620E+15 6.10073002E+15
 6.77592745E+15 1.01495240E+16 1.35209670E+16 1.68920699E+16 2.02640819E+16
 2.70138523E+16 4.05508896E+16 5.41546000E+16 6.78379582E+16 1.02441711E+17
 1.73526093E+17 2.85195122E+17 4.43852861E+17 7.94985812E+17 1.86607454E+18
 6.59965218E+18 1.88550337E+19 5.67159623E+19 0.00000000E+00 1.04330831E+09
 2.08627327E+09 5.21435676E+09 1.04263761E+10 2.08474083E+10 5.20980816E+10
 1.04160253E+11 2.08239393E+11 5.20289331E+11 1.04004206E+12 1.55954771E+12
 2.59807986E+12 4.15507294E+12 6.23003642E+12 1.03776073E+13 1.55568919E+13
 2.59107783E+13 4.14384199E+13 6.21220601E+13 1.03457663E+14 1.29247607E+14
 1.55050531E+14 2.06633605E+14 2.58194205E+14 3.09732589E+14 4.12753109E+14
 5.15711589E+14 6.18619662E+14 7.21477907E+14 8.24290815E+14 9.27062290E+14
 9.78432567E+14 1.02979432E+15 1.04006544E+15 1.08114631E+15 1.13248968E+15
 1.23515586E+15 1.32240200E+15 1.44041453E+15 1.62099485E+15 1.64561376E+15
 1.85067230E+15 2.05561178E+15 2.12732221E+15 2.33018105E+15 2.56785344E+15
 3.07994875E+15 3.59185214E+15 4.10357825E+15 5.12661726E+15 6.14919038E+15
 7.17141300E+15 8.19330986E+15 9.21493622E+15 1.02363614E+16 1.53411407E+16
 2.04437518E+16 2.55456056E+16 3.06477384E+16 4.08554242E+16 6.12957579E+16
 8.17832327E+16 1.02329055E+17 1.53989164E+17 2.58752108E+17 4.19883491E+17
 6.42640788E+17 1.11621014E+18 2.46487262E+18 7.86377290E+18 2.09494622E+19
 6.01345661E+19 0.00000000E+00 1.73914333E+09 3.47780625E+09 8.69265741E+09
 1.73820430E+10 3.47566598E+10 8.68630194E+10 1.73676126E+11 3.47239875E+11
 8.67671751E+11 1.73460378E+12 2.60119686E+12 4.33372882E+12 6.93143105E+12
 1.03936447E+13 1.73148994E+13 2.59624094E+13 4.32485733E+13 6.91631584E+13
 1.03697765E+14 1.72726137E+14 2.15849199E+14 2.58936182E+14 3.45155648E+14
 4.31330393E+14 5.17461730E+14 6.89638001E+14 8.61741238E+14 1.03380009E+15
 1.20581473E+15 1.37777943E+15 1.54970102E+15 1.63564393E+15 1.72157760E+15
 1.73876322E+15 1.80750233E+15 1.89341824E+15 2.06522853E+15 2.21124536E+15
 2.40876910E+15 2.71103266E+15 2.75224465E+15 3.09557853E+15 3.43878863E+15
 3.55889356E+15 3.89863892E+15 4.29670417E+15 5.15447877E+15 6.01206312E+15
 6.86948752E+15 8.58393761E+15 1.02979711E+16 1.20116689E+16 1.37250850E+16
 1.54382836E+16 1.71512886E+16 2.57144762E+16 3.42757968E+16 4.28366805E+16
 5.13978445E+16 6.85231923E+16 1.02793050E+17 1.37098967E+17 1.71448889E+17
 2.57546716E+17 4.30817329E+17 6.93712188E+17 1.05024644E+18 1.78498464E+18
 3.75227452E+18 1.07693619E+19 2.60178935E+19 6.85374348E+19 0.00000000E+00
 4.17489281E+09 8.34890871E+09 2.08688958E+10 4.17318444E+10 8.34502107E+10
 2.08573597E+11 4.17056855E+11 8.33910007E+11 2.08399966E+12 4.16666011E+12
 6.24870691E+12 1.04116187E+13 1.66540066E+13 2.49746863E+13 4.16103343E+13
 6.23976295E+13 1.03956271E+14 1.66268049E+14 2.49318051E+14 4.15345933E+14
 5.19078715E+14 6.22790972E+14 8.30167667E+14 1.03749489E+15 1.24477877E+15
 1.65924156E+15 2.07359281E+15 2.48785608E+15 2.90203983E+15 3.31614949E+15
 3.73019631E+15 3.93720019E+15 4.14418797E+15 4.18558393E+15 4.35116298E+15
 4.55812655E+15 4.97202162E+15 5.32380941E+15 5.79970415E+15 6.52778960E+15
 6.62707650E+15 7.45444952E+15 8.28194711E+15 8.57150134E+15 9.39041668E+15
 1.03498906E+16 1.24175846E+16 1.44850203E+16 1.65522338E+16 2.06861494E+16
 2.48185098E+16 2.89512875E+16 3.30837150E+16 3.72158947E+16 4.13478672E+16
 6.20058198E+16 8.26622787E+16 1.03318721E+17 1.23975804E+17 1.65293808E+17
 2.47951166E+17 3.30643174E+17 4.13374390E+17 6.20386594E+17 1.03523948E+18
 1.65967203E+18 2.49639411E+18 4.18441581E+18 8.49127489E+18 2.21658191E+19
 4.74685557E+19 1.07186137E+20 0.00000000E+00 6.95887017E+09 1.39165068E+10
 3.47864515E+10 6.95644123E+10 1.39109587E+11 3.47699738E+11 6.95270805E+11
 1.39024712E+12 3.47451288E+12 6.94710434E+12 1.04188128E+13 1.73605260E+13
 2.77702430E+13 4.16462459E+13 6.93899839E+13 1.04059090E+14 1.73374176E+14
 2.77308803E+14 4.15840860E+14 6.92798867E+14 8.65847537E+14 1.03886595E+15
 1.38483020E+15 1.73072087E+15 2.07654894E+15 2.76805366E+15 3.45939691E+15
 4.15061175E+15 4.84171346E+15 5.53271281E+15 6.22362574E+15 6.56905165E+15
 6.91445829E+15 6.98353755E+15 7.25984807E+15 7.60521959E+15 8.29592321E+15
 8.88297996E+15 9.67717563E+15 1.08925365E+16 1.10582578E+16 1.24391367E+16
 1.38198337E+16 1.43030424E+16 1.56698053E+16 1.72711813E+16 2.07220978E+16
 2.41726244E+16 2.76228374E+16 3.45224181E+16 4.14211824E+16 4.83192699E+16
 5.52160015E+16 6.21130527E+16 6.90109590E+16 1.03490371E+17 1.37968157E+17
 1.72445198E+17 2.06922549E+17 2.75880561E+17 4.13818283E+17 5.51791921E+17
 6.89806026E+17 1.03502720E+18 1.72627705E+18 2.76516051E+18 4.15405463E+18
 6.94439722E+18 1.39923626E+19 3.57435208E+19 7.40029917E+19 1.57879104E+20
 0.00000000E+00 1.39193689E+10 2.78367218E+10 6.95839756E+10 1.39154121E+11
 2.78276925E+11 6.95571069E+11 1.39093105E+12 2.78138679E+12 6.95164336E+12
 1.39001236E+13 2.08471435E+13 3.47383602E+13 5.55704321E+13 8.33404883E+13
 1.38866755E+14 2.08256819E+14 3.46997906E+14 5.55044939E+14 8.32360007E+14
 1.38680792E+15 1.73324998E+15 2.07963959E+15 2.77229501E+15 3.46481861E+15
 4.15723227E+15 5.54179384E+15 6.92607152E+15 8.31012219E+15 9.69397703E+15
 1.10776610E+16 1.24611964E+16 1.31529126E+16 1.38445965E+16 1.39829295E+16
 1.45362504E+16 1.52278803E+16 1.66110545E+16 1.77866740E+16 1.93771170E+16
 2.18110098E+16 2.21428866E+16 2.49083203E+16 2.76734519E+16 2.86411909E+16
 3.13784207E+16 3.45854968E+16 4.14966363E+16 4.84069728E+16 5.53166368E+16
 6.91343123E+16 8.29502477E+16 9.67648771E+16 1.10578249E+17 1.24390822E+17
 1.38202577E+17 2.07252844E+17 2.76294697E+17 3.45331852E+17 4.14366396E+17
 5.52433995E+17 8.28578415E+17 1.10474951E+18 1.38095834E+18 2.07164326E+18
 3.45384916E+18 5.52915376E+18 8.29979495E+18 1.38525974E+19 2.77967431E+19
 7.01155642E+19 1.42177332E+20 2.91771806E+20 0.00000000E+00 3.48026213E+10
 6.96013619E+10 1.73988499E+11 3.47950473E+11 6.95841050E+11 1.73936970E+12
 3.47833357E+12 6.95575153E+12 1.73858533E+13 3.47655626E+13 5.21424017E+13
 8.68905589E+13 1.39003407E+14 2.08475219E+14 3.47391262E+14 5.21000681E+14
 8.68140510E+14 1.38871905E+15 2.08265777E+15 3.47015850E+15 4.33716107E+15
 5.20405509E+15 6.93757514E+15 8.67081106E+15 1.04038126E+16 1.38692464E+16
 1.73340674E+16 2.07983931E+16 2.42622958E+16 2.77258321E+16 3.11890471E+16
 3.29205640E+16 3.46519822E+16 3.49982574E+16 3.63833347E+16 3.81146436E+16
 4.15770467E+16 4.45199343E+16 4.85012713E+16 5.45939859E+16 5.54247706E+16
 6.23475662E+16 6.92697286E+16 7.16923639E+16 7.85446895E+16 8.65731836E+16
 1.03874215E+17 1.21173205E+17 1.38470434E+17 1.73060650E+17 2.07645986E+17
 2.42227616E+17 2.76805946E+17 3.11381514E+17 3.45954536E+17 5.18792756E+17
 6.91598316E+17 8.64382976E+17 1.03715197E+18 1.38265860E+18 2.07360108E+18
 2.76450345E+18 3.45539808E+18 5.18269886E+18 8.63786569E+18 1.38223932E+19
 2.07385651E+19 3.45822239E+19 6.92511233E+19 1.73687104E+20 3.48972897E+20
 7.03567885E+20 0.00000000E+00 6.96101642E+10 1.39214038E+11 3.48010647E+11
 6.95977973E+11 1.39185845E+12 3.47926313E+12 6.95786025E+12 1.39142210E+13
 3.47797315E+13 6.95493283E+13 1.04314161E+14 1.73834573E+14 2.78099542E+14
 4.17099390E+14 6.95052681E+14 1.04243409E+15 1.73706247E+15 2.77878168E+15
 4.16745526E+15 6.94415018E+15 8.67926276E+15 1.04141923E+16 1.38835655E+16
 1.73524364E+16 2.08208937E+16 2.77567993E+16 3.46916111E+16 4.16255312E+16
 4.85586911E+16 5.54911941E+16 6.24231212E+16 6.58888755E+16 6.93545105E+16
 7.00476231E+16 7.28200270E+16 7.62854258E+16 8.32159144E+16 8.91065153E+16
 9.70757313E+16 1.09271261E+17 1.10934213E+17 1.24791414E+17 1.38647514E+17
 1.43496911E+17 1.57213175E+17 1.73283781E+17 2.07915390E+17 2.42542994E+17
 2.77167080E+17 3.46406569E+17 4.15636584E+17 4.84858572E+17 5.54073909E+17
 6.23283172E+17 6.92487386E+17 1.03844755E+18 1.38433306E+18 1.73016536E+18
 2.07595829E+18 2.76745409E+18 4.15020794E+18 5.53276710E+18 6.91520995E+18
 1.03710540E+19 1.72824657E+19 2.76502908E+19 4.14765536E+19 6.91391228E+19
 1.38353332E+20 3.46420074E+20 6.94363678E+20 1.39382611E+21-8.16859001E+09
-8.16859001E+09-8.16859001E+09-8.16859001E+09-8.16859001E+09-8.16859001E+09
-8.16859001E+09-8.16859001E+09-8.16859001E+09-8.16859001E+09-8.16859001E+09
-8.16859001E+09-8.16859001E+09-8.16859001E+09-8.16859001E+09-8.16859001E+09
-8.16859001E+09-8.16859001E+09-8.16859001E+09-8.16859001E+09-8.16859001E+09
-8.16859001E+09-8.16859001E+09-8.16859001E+09-8.16859001E+09-8.16859001E+09
-8.16859001E+09-8.16859001E+09-8.16859001E+09-8.16859001E+09-8.16859001E+09
-8.16859001E+09-8.16859001E+09-8.16859001E+09-8.16859001E+09-8.16859001E+09
-8.16859001E+09-7.97913307E+09-7.35196015E+09-5.71546527E+09-1.22466188E+08
 8.77875219E+08 1.10639271E+10 2.19025437E+10 2.59686861E+10 3.89953127E+10
 5.77875121E+10 1.23760995E+11 2.19576426E+11 3.38855118E+11 6.32037059E+11
 9.82749024E+11 1.37315300E+12 1.79443208E+12 2.23891275E+12 2.70127834E+12
 5.18406117E+12 7.80466972E+12 1.04769530E+13 1.31624272E+13 1.85105659E+13
 2.89740081E+13 3.90839918E+13 4.88627947E+13 7.20949852E+13 1.14769790E+14
 1.72592762E+14 2.42395037E+14 3.66868895E+14 6.31486614E+14 1.26189024E+15
 2.09942624E+15 3.46434484E+15 8.43204884E+10-5.41445694E+09-5.41445694E+09
-5.41445694E+09-5.41445694E+09-5.41445694E+09-5.41445694E+09-5.41445694E+09
-5.41445694E+09-5.41445694E+09-5.41445694E+09-5.41445694E+09-5.41445694E+09
-5.41445694E+09-5.41445694E+09-5.41445694E+09-5.41445694E+09-5.41445694E+09
-5.41445694E+09-5.41445694E+09-5.41445694E+09-5.41445694E+09-5.41445694E+09
-5.41445694E+09-5.41445694E+09-5.41445694E+09-5.41445694E+09-5.41445694E+09
-5.41445694E+09-5.41445694E+09-5.41445694E+09-5.41445694E+09-5.41445694E+09
-5.41445694E+09-5.41445694E+09-5.41445694E+09-5.45243327E+09-5.35097565E+09
-4.78985079E+09-3.23403983E+09 2.24809335E+09 3.23433668E+09 1.33098366E+10
 2.40483430E+10 2.80809954E+10 4.10189625E+10 5.97153613E+10 1.25504049E+11
 2.21159143E+11 3.40296956E+11 6.33242903E+11 9.83765888E+11 1.37401635E+12
 1.79516936E+12 2.23954556E+12 2.70182391E+12 5.18433461E+12 7.80481379E+12
 1.04770292E+13 1.31624648E+13 1.85105656E+13 2.89739843E+13 3.90839626E+13
 4.88627647E+13 7.20949573E+13 1.14769767E+14 1.72592743E+14 2.42395022E+14
 3.66868884E+14 6.31486607E+14 1.26189023E+15 2.09942624E+15 3.46434484E+15
 8.75356081E+10 3.36147527E+08 1.68073091E+08 6.72284288E+07 3.36135415E+07
 1.68060978E+07 6.72163164E+06 3.36014291E+06 1.67939855E+06 6.70951927E+05
 3.34803054E+05 2.22753430E+05 1.33113730E+05 8.26913991E+04 5.46789930E+04
 3.22690682E+04 2.10641057E+04 1.21001358E+04 7.05790269E+03 4.25666208E+03
 2.01566959E+03 1.34337184E+03 8.95173346E+02 3.34925224E+02-1.22364912E+00
-2.25322898E+02-5.05446959E+02-6.73521395E+02-7.85571020E+02-8.65606466E+02
-9.25633050E+02-9.72320394E+02-9.91978223E+02-9.80170527E+04-5.66967813E+07
-2.42116885E+08-3.79016478E+08-3.02818659E+08 2.36338179E+08 1.76352862E+09
 7.20201443E+09 8.18250173E+09 1.82099800E+10 2.89016363E+10 3.29178289E+10
 4.58105394E+10 6.44550695E+10 1.30133176E+11 2.25679365E+11 3.44709456E+11
 6.37443278E+11 9.87759337E+11 1.37780928E+12 1.79876917E+12 2.24296034E+12
 2.70506211E+12 5.18681662E+12 7.80672695E+12 1.04785177E+13 1.31636349E+13
 1.85113099E+13 2.89743141E+13 3.90841182E+13 4.88628365E+13 7.20949500E+13
 1.14769729E+14 1.72592702E+14 2.42394985E+14 3.66868854E+14 6.31486586E+14
 1.26189022E+15 2.09942623E+15 3.46434483E+15 9.41005639E+10 9.41005639E+10
 9.29840555E+10 9.13267068E+10 8.99181243E+10 8.83541200E+10 8.59887582E+10
 8.39220369E+10 8.15729933E+10 7.79340385E+10 7.46873023E+10 5.67096340E+10
 3.95664972E+10 2.99234827E+10 2.45662524E+10 2.02804682E+10 1.81375761E+10
 1.64232624E+10 1.54589610E+10 1.49232380E+10 1.44946595E+10 1.43660860E+10
 1.42803703E+10 1.41732257E+10 1.41089390E+10 1.40660811E+10 1.40125088E+10
 1.39803654E+10 1.39589365E+10 1.29935875E+10 1.13810203E+10 1.01964119E+10
 9.75782746E+09 9.41939035E+09 9.36351999E+09 9.18012980E+09 9.04370985E+09
 9.11624432E+09 9.64857913E+09 1.11656268E+10 1.65849629E+10 1.75629509E+10
 2.75679961E+10 3.82377012E+10 4.22459228E+10 5.51176555E+10 7.37396866E+10
 1.39369854E+11 2.34869421E+11 3.53852735E+11 6.46489664E+11 9.96702706E+11
 1.38664341E+12 1.80748856E+12 2.25156036E+12 2.71353904E+12 5.19464729E+12
 7.81390369E+12 1.04850664E+13 1.31695965E+13 1.85162386E+13 2.89777011E+13
 3.90864877E+13 4.88645281E+13 7.20957363E+13 1.14769927E+14 1.72592697E+14
 2.42394922E+14 3.66868777E+14 6.31486522E+14 1.26189018E+15 2.09942620E+15
 3.46434482E+15 1.10289740E+11 1.10289740E+11 1.08557356E+11 1.06178416E+11
 1.04299804E+11 1.02335459E+11 9.95540899E+10 9.72624104E+10 9.47616659E+10
 9.10357963E+10 8.78000482E+10 8.57144121E+10 8.28577018E+10 7.99702115E+10
 7.72721660E+10 7.35766381E+10 7.04046344E+10 6.61251448E+10 6.19353802E+10
 5.81748604E+10 5.32796156E+10 5.10823771E+10 4.92586765E+10 4.62936264E+10
 4.38921921E+10 4.18024982E+10 3.82957494E+10 3.54599521E+10 3.31681995E+10
 3.12990398E+10 2.98337443E+10 2.87488124E+10 2.83452701E+10 2.80332793E+10
 2.79816897E+10 2.78128853E+10 2.76894537E+10 2.77758658E+10 2.83109440E+10
 2.98272832E+10 3.52371592E+10 3.62139069E+10 4.62061958E+10 5.68647507E+10
 6.08691839E+10 7.37332975E+10 9.23505079E+10 1.57978215E+11 2.53483373E+11
 3.72476100E+11 6.65133799E+11 1.01536267E+12 1.40531077E+12 1.82615411E+12
 2.27021517E+12 2.73217481E+12 5.21308792E+12 7.83203336E+12 1.05028144E+13
 1.31869187E+13 1.85326390E+13 2.89921972E+13 3.90991865E+13 4.88756158E+13
 7.21036417E+13 1.14774114E+14 1.72594505E+14 2.42395592E+14 3.66868832E+14
 6.31486373E+14 1.26189004E+15 2.09942610E+15 3.46434475E+15 1.19746313E+11
 1.19746313E+11 1.17546919E+11 1.14612190E+11 1.12362551E+11 1.10071805E+11
 1.06930865E+11 1.04424460E+11 1.01756049E+11 9.78844792E+10 9.45921284E+10
 9.24935429E+10 8.96400516E+10 8.67725752E+10 8.41061246E+10 8.04645110E+10
 7.73466269E+10 7.31508941E+10 6.90591217E+10 6.54099665E+10 6.07165267E+10
 5.86394336E+10 5.69317511E+10 5.41858165E+10 5.19706679E+10 5.00339721E+10
 4.67659887E+10 4.41056123E+10 4.19460374E+10 4.01740680E+10 3.87791566E+10
 3.77425145E+10 3.73560092E+10 3.70568308E+10 3.70073200E+10 3.68454786E+10
 3.67281615E+10 3.68207953E+10 3.73569499E+10 3.88721380E+10 4.42769053E+10
 4.52529476E+10 5.52390638E+10 6.58928762E+10 6.98960620E+10 8.27581378E+10
 1.01374870E+11 1.67008166E+11 2.62524720E+11 3.81532087E+11 6.74222930E+11
 1.02448520E+12 1.41446439E+12 1.83533560E+12 2.27942113E+12 2.74140190E+12
 5.22237813E+12 7.84133426E+12 1.05120910E+13 1.31961465E+13 1.85417194E+13
 2.90008703E+13 3.91073824E+13 4.88833109E+13 7.21101112E+13 1.14778571E+14
 1.72597062E+14 2.42396882E+14 3.66869221E+14 6.31486359E+14 1.26188996E+15
 2.09942604E+15 3.46434470E+15 1.30111532E+11 1.30111532E+11 1.27340493E+11
 1.23722471E+11 1.21013494E+11 1.18314919E+11 1.14717323E+11 1.11931013E+11
 1.09036389E+11 1.04953475E+11 1.01563972E+11 9.94325646E+10 9.65613574E+10
 9.36984759E+10 9.10536519E+10 8.74565643E+10 8.43873758E+10 8.02696904E+10
 7.62694954E+10 7.27226759E+10 6.82103895E+10 6.62401149E+10 6.46355476E+10
 6.20857645E+10 6.00329141E+10 5.82293474E+10 5.51702408E+10 5.26643251E+10
 5.06211927E+10 4.89370682E+10 4.76061309E+10 4.66131902E+10 4.62418848E+10
 4.59539038E+10 4.59061829E+10 4.57501547E+10 4.56376530E+10 4.57342438E+10
 4.62699853E+10 4.77819324E+10 5.31792260E+10 5.41542297E+10 6.41321033E+10
 7.47795701E+10 7.87811836E+10 9.16402721E+10 1.10255255E+11 1.75893024E+11
 2.71420831E+11 3.90443404E+11 6.83170054E+11 1.03346982E+12 1.42348519E+12
 1.84439012E+12 2.28850650E+12 2.75051524E+12 5.23159300E+12 7.85060219E+12
 1.05213790E+13 1.32054311E+13 1.85509489E+13 2.90098750E+13 3.91160813E+13
 4.88916640E+13 7.21175425E+13 1.14784272E+14 1.72600817E+14 2.42399070E+14
 3.66870051E+14 6.31486448E+14 1.26188988E+15 2.09942596E+15 3.46434464E+15
 1.41385349E+11 1.41385349E+11 1.37938525E+11 1.33510599E+11 1.30254853E+11
 1.27068079E+11 1.22918342E+11 1.19788237E+11 1.16610091E+11 1.12251533E+11
 1.08724966E+11 1.06541054E+11 1.03631233E+11 1.00757385E+11 9.81239994E+10
 9.45617417E+10 9.15356801E+10 8.74905785E+10 8.35767195E+10 8.01255938E+10
 7.57795919E+10 7.39063753E+10 7.23952590E+10 7.00238630E+10 6.81128589E+10
 6.64247411E+10 6.35463377E+10 6.11737303E+10 5.92303411E+10 5.76235293E+10
 5.63490011E+10 5.53941631E+10 5.50357850E+10 5.47570007E+10 5.47107097E+10
 5.45590794E+10 5.44498002E+10 5.45475860E+10 5.50810745E+10 5.65872784E+10
 6.19741923E+10 6.29477542E+10 7.29147584E+10 8.35537451E+10 8.75532766E+10
 1.00407926E+11 1.19019240E+11 1.84658986E+11 2.80196458E+11 3.99233308E+11
 6.91995320E+11 1.04233347E+12 1.43238683E+12 1.85332796E+12 2.29747821E+12
 2.75951832E+12 5.24071858E+12 7.85980542E+12 1.05306288E+13 1.32147050E+13
 1.85602247E+13 2.90190422E+13 3.91250570E+13 4.89004029E+13 7.21255976E+13
 1.14790903E+14 1.72605632E+14 2.42402195E+14 3.66871444E+14 6.31486698E+14
 1.26188981E+15 2.09942588E+15 3.46434458E+15 1.53567625E+11 1.53567625E+11
 1.49341186E+11 1.43977323E+11 1.40087957E+11 1.36333315E+11 1.31537052E+11
 1.28000169E+11 1.24482098E+11 1.19784636E+11 1.16081653E+11 1.13825752E+11
 1.10856530E+11 1.07956126E+11 1.05323887E+11 1.01786582E+11 9.87979716E+10
 9.48200870E+10 9.09879629E+10 8.76272776E+10 8.34362380E+10 8.16526126E+10
 8.02274427E+10 7.80203297E+10 7.62334209E+10 7.46449261E+10 7.19209388E+10
 6.96609333E+10 6.78003544E+10 6.62598162E+10 6.50335603E+10 6.41106909E+10
 6.37627298E+10 6.34909281E+10 6.34456673E+10 6.32968710E+10 6.31890549E+10
 6.32849920E+10 6.38141883E+10 6.53119132E+10 7.06852372E+10 7.16569150E+10
 8.16101196E+10 9.22382011E+10 9.62350409E+10 1.09083554E+11 1.27688906E+11
 1.93327383E+11 2.88872159E+11 4.07921563E+11 7.00716826E+11 1.05109251E+12
 1.44118390E+12 1.86216191E+12 2.30634721E+12 2.76842026E+12 5.24975453E+12
 7.86893398E+12 1.05398205E+13 1.32239387E+13 1.85694975E+13 2.90282844E+13
 3.91341864E+13 4.89093729E+13 7.21340632E+13 1.14798218E+14 1.72611326E+14
 2.42406208E+14 3.66873480E+14 6.31487170E+14 1.26188977E+15 2.09942580E+15
 3.46434451E+15 1.80656900E+11 1.80656900E+11 1.74560518E+11 1.66948158E+11
 1.61532497E+11 1.56404971E+11 1.50035466E+11 1.45498595E+11 1.41134044E+11
 1.35572124E+11 1.31400067E+11 1.28942487E+11 1.25792661E+11 1.22792510E+11
 1.20131551E+11 1.16614150E+11 1.13683145E+11 1.09823726E+11 1.06142646E+11
 1.02950264E+11 9.90437250E+10 9.74226421E+10 9.61524432E+10 9.42415084E+10
 9.26573577E+10 9.12264207E+10 8.87392346E+10 8.66450473E+10 8.48998444E+10
 8.34582440E+10 8.23032073E+10 8.14248729E+10 8.10897409E+10 8.08248230E+10
 8.07803411E+10 8.06322059E+10 8.05216794E+10 8.06041680E+10 8.11182148E+10
 8.25902452E+10 8.79260657E+10 8.88925601E+10 9.88086858E+10 1.09407036E+11
 1.13396346E+11 1.26225749E+11 1.44812802E+11 2.10437431E+11 3.05988104E+11
 4.25055749E+11 7.17907691E+11 1.06835225E+12 1.45851601E+12 1.87956597E+12
 2.32382095E+12 2.78596060E+12 5.26757707E+12 7.88696573E+12 1.05580078E+13
 1.32422417E+13 1.85879478E+13 2.90468214E+13 3.91526515E+13 4.89276733E+13
 7.21517285E+13 1.14814220E+14 1.72624701E+14 2.42416514E+14 3.66879551E+14
 6.31489013E+14 1.26188981E+15 2.09942564E+15 3.46434435E+15 4.08899253E+11
 4.08899253E+11 3.87562205E+11 3.61092942E+11 3.42399653E+11 3.24929833E+11
 3.03799078E+11 2.89078114E+11 2.75565153E+11 2.59529909E+11 2.48502156E+11
 2.42477713E+11 2.35260092E+11 2.28925846E+11 2.23627096E+11 2.17147625E+11
 2.12106652E+11 2.05885391E+11 2.00316216E+11 1.95715067E+11 1.90346475E+11
 1.88196674E+11 1.86536214E+11 1.83982166E+11 1.81889213E+11 1.80067888E+11
 1.76923804E+11 1.74275410E+11 1.72145455E+11 1.70558562E+11 1.69260196E+11
 1.68210833E+11 1.67774539E+11 1.67396443E+11 1.67327786E+11 1.67078943E+11
 1.66835754E+11 1.66643589E+11 1.66924784E+11 1.68097170E+11 1.73017677E+11
 1.73932123E+11 1.83456342E+11 1.93732227E+11 1.97621176E+11 2.10210129E+11
 2.28571518E+11 2.93868677E+11 3.89243092E+11 5.08232673E+11 8.01104597E+11
 1.15169847E+12 1.54207567E+12 1.96337069E+12 2.40788507E+12 2.87028874E+12
 5.35316354E+12 7.97362471E+12 1.06455621E+13 1.33305467E+13 1.86774272E+13
 2.91377949E+13 3.92444362E+13 4.90198554E+13 7.22438532E+13 1.14904045E+14
 1.72708987E+14 2.42492381E+14 3.66939491E+14 6.31521899E+14 1.26189693E+15
 2.09942633E+15 3.46434366E+15 7.34363385E+11 7.34363385E+11 6.90909861E+11
 6.36688663E+11 5.98246542E+11 5.62284054E+11 5.18100369E+11 4.87664985E+11
 4.59738738E+11 4.26504507E+11 4.04082278E+11 3.91941506E+11 3.77612970E+11
 3.65298228E+11 3.55236774E+11 3.43236606E+11 3.34165310E+11 3.23236539E+11
 3.13638572E+11 3.05727338E+11 2.96300953E+11 2.92378187E+11 2.89253972E+11
 2.84389626E+11 2.80417976E+11 2.77204724E+11 2.72203162E+11 2.68325294E+11
 2.65087490E+11 2.62504734E+11 2.60355376E+11 2.58549744E+11 2.57759129E+11
 2.57037921E+11 2.56901675E+11 2.56386475E+11 2.55819547E+11 2.55014621E+11
 2.54813202E+11 2.55388530E+11 2.59510131E+11 2.60325015E+11 2.69103294E+11
 2.78757287E+11 2.82452799E+11 2.94559122E+11 3.12439727E+11 3.76963082E+11
 4.71805039E+11 5.90422100E+11 8.82849213E+11 1.23323731E+12 1.62354526E+12
 2.04485407E+12 2.48943485E+12 2.95193918E+12 5.43553545E+12 8.05679232E+12
 1.07294822E+13 1.34151549E+13 1.87632254E+13 2.92253997E+13 3.93333347E+13
 4.91097140E+13 7.23352228E+13 1.14996483E+14 1.72800901E+14 2.42581921E+14
 3.67022141E+14 6.31585693E+14 1.26192430E+15 2.09943427E+15 3.46434450E+15
 1.14045406E+12 1.14045406E+12 1.06954247E+12 9.80662215E+11 9.17227343E+11
 8.57535117E+11 7.84298291E+11 7.33336624E+11 6.86377834E+11 6.30373536E+11
 5.92439312E+11 5.71979811E+11 5.47849558E+11 5.27180721E+11 5.10415155E+11
 4.90576934E+11 4.75719900E+11 4.57992633E+11 4.42541762E+11 4.29830480E+11
 4.14604969E+11 4.08215196E+11 4.03107288E+11 3.95193516E+11 3.88759841E+11
 3.83698072E+11 3.75974020E+11 3.69982248E+11 3.64856674E+11 3.60676865E+11
 3.57138849E+11 3.54103632E+11 3.52745476E+11 3.51482749E+11 3.51240957E+11
 3.50313007E+11 3.49250563E+11 3.47521762E+11 3.46602428E+11 3.46295755E+11
 3.49244102E+11 3.49912744E+11 3.57594524E+11 3.66328216E+11 3.69734944E+11
 3.81116558E+11 3.98264343E+11 4.61570370E+11 5.55528551E+11 6.73484699E+11
 9.65015114E+11 1.31485374E+12 1.70481840E+12 2.12591522E+12 2.57037194E+12
 3.03281333E+12 5.51656090E+12 8.13826849E+12 1.08114806E+13 1.34976798E+13
 1.88467395E+13 2.93105681E+13 3.94197988E+13 4.91972150E+13 7.24245793E+13
 1.15087844E+14 1.72893334E+14 2.42674190E+14 3.67111796E+14 6.31664693E+14
 1.26197234E+15 2.09945496E+15 3.46434942E+15 2.05449898E+12 2.05449898E+12
 1.93586940E+12 1.78399804E+12 1.67056172E+12 1.56623913E+12 1.43065491E+12
 1.33601345E+12 1.24412567E+12 1.13254878E+12 1.05659637E+12 1.01113281E+12
 9.62996336E+11 9.20085290E+11 8.82864101E+11 8.40832922E+11 8.07404810E+11
 7.69069663E+11 7.35815660E+11 7.08376376E+11 6.75651905E+11 6.61249233E+11
 6.50695646E+11 6.32080983E+11 6.19361176E+11 6.11200888E+11 5.99308973E+11
 5.89296345E+11 5.79710913E+11 5.71057740E+11 5.65749225E+11 5.59382944E+11
 5.58179031E+11 5.55661988E+11 5.54984575E+11 5.51780456E+11 5.47001666E+11
 5.45356961E+11 5.44248785E+11 5.43353581E+11 5.41154264E+11 5.41153337E+11
 5.43860231E+11 5.52252894E+11 5.55098907E+11 5.63513104E+11 5.77317160E+11
 6.38814937E+11 7.29399600E+11 8.45115890E+11 1.13274830E+12 1.47845291E+12
 1.87028140E+12 2.28900144E+12 2.73354845E+12 3.19449038E+12 5.67896151E+12
 8.29730559E+12 1.09732975E+13 1.36596009E+13 1.90091859E+13 2.94750259E+13
 3.95879241E+13 4.93669342E+13 7.25982587E+13 1.15266280E+14 1.73075554E+14
 2.42858588E+14 3.67296257E+14 6.31840451E+14 1.26210837E+15 2.09953742E+15
 3.46438124E+15 3.09931725E+12 3.09931725E+12 2.92303357E+12 2.69662399E+12
 2.52774593E+12 2.36675989E+12 2.15971544E+12 2.01185588E+12 1.87079509E+12
 1.69392939E+12 1.57158870E+12 1.50202435E+12 1.42233007E+12 1.35188789E+12
 1.29481164E+12 1.22606271E+12 1.17459598E+12 1.11323484E+12 1.05986485E+12
 1.01565543E+12 9.63308451E+11 9.39727663E+11 9.23659210E+11 8.97950367E+11
 8.77938171E+11 8.63411081E+11 8.42810497E+11 8.27751960E+11 8.15245696E+11
 8.05795496E+11 7.94770031E+11 7.86002203E+11 7.83108374E+11 7.77885517E+11
 7.76621208E+11 7.71122885E+11 7.70324713E+11 7.61044643E+11 7.58149118E+11
 7.55075313E+11 7.49296844E+11 7.48869162E+11 7.48981617E+11 7.52238580E+11
 7.53728961E+11 7.59626428E+11 7.70981709E+11 8.26903502E+11 9.13105977E+11
 1.02563522E+12 1.30913042E+12 1.65109131E+12 2.04045123E+12 2.45735918E+12
 2.90039765E+12 3.36040070E+12 5.84148088E+12 8.45860026E+12 1.11340227E+13
 1.38202265E+13 1.91701837E+13 2.96375272E+13 3.97520042E+13 4.95325623E+13
 7.27671605E+13 1.15439894E+14 1.73253598E+14 2.43040065E+14 3.67480726E+14
 6.32024005E+14 1.26227172E+15 2.09966101E+15 3.46444846E+15 4.24496844E+12
 4.24496844E+12 4.01033914E+12 3.70460499E+12 3.47865847E+12 3.25536512E+12
 2.97409174E+12 2.76535870E+12 2.56775398E+12 2.32274980E+12 2.14841354E+12
 2.05132108E+12 1.93555442E+12 1.83258752E+12 1.75264495E+12 1.65422163E+12
 1.57750372E+12 1.49191439E+12 1.41405273E+12 1.35181707E+12 1.27946341E+12
 1.24713260E+12 1.22412923E+12 1.18828637E+12 1.16055229E+12 1.14052569E+12
 1.11177286E+12 1.09014215E+12 1.07168048E+12 1.05714709E+12 1.04298822E+12
 1.02704480E+12 1.02267037E+12 1.01841381E+12 1.01734770E+12 1.01286383E+12
 1.00711400E+12 9.97735372E+11 9.91689760E+11 9.84155989E+11 9.73147663E+11
 9.72046381E+11 9.67831493E+11 9.67989948E+11 9.68305380E+11 9.70643977E+11
 9.77137420E+11 1.02772879E+12 1.10778930E+12 1.21616510E+12 1.49440718E+12
 1.83123859E+12 2.21712322E+12 2.63153509E+12 3.07237643E+12 3.53100246E+12
 6.00672338E+12 8.62158957E+12 1.12956348E+13 1.39811514E+13 1.93306427E+13
 2.97984645E+13 3.99139070E+13 4.96956050E+13 7.29328812E+13 1.15609906E+14
 1.73428045E+14 2.43218333E+14 3.67663165E+14 6.32209059E+14 1.26244723E+15
 2.09980945E+15 3.46454730E+15 5.46513408E+12 5.46513408E+12 5.17101516E+12
 4.78691701E+12 4.49698285E+12 4.22025293E+12 3.85382128E+12 3.58748709E+12
 3.32824515E+12 3.00463856E+12 2.77724270E+12 2.64880987E+12 2.49617063E+12
 2.36067367E+12 2.25051844E+12 2.11787496E+12 2.02029653E+12 1.90168180E+12
 1.79925846E+12 1.71727270E+12 1.61644190E+12 1.57792082E+12 1.54667957E+12
 1.49866615E+12 1.46168082E+12 1.43512117E+12 1.39702499E+12 1.36831169E+12
 1.34377711E+12 1.32446506E+12 1.30489148E+12 1.28964719E+12 1.27962506E+12
 1.27315354E+12 1.27188309E+12 1.26679295E+12 1.26027581E+12 1.24682487E+12
 1.23781821E+12 1.22610086E+12 1.21066403E+12 1.20879085E+12 1.20113449E+12
 1.19646057E+12 1.19511941E+12 1.19279563E+12 1.19440856E+12 1.24020244E+12
 1.31363912E+12 1.41704508E+12 1.68920389E+12 2.02185614E+12 2.40087999E+12
 2.81219590E+12 3.25013859E+12 3.70699768E+12 6.17553188E+12 8.78709727E+12
 1.14590002E+13 1.41432794E+13 1.94915227E+13 2.99588722E+13 4.00746857E+13
 4.98571248E+13 7.30964616E+13 1.15777237E+14 1.73599585E+14 2.43393755E+14
 3.67843265E+14 6.32393611E+14 1.26262841E+15 2.09997253E+15 3.46467018E+15
 8.04939778E+12 8.04939778E+12 7.64220891E+12 7.10313222E+12 6.70120623E+12
 6.29411901E+12 5.76853501E+12 5.37876569E+12 4.99803041E+12 4.51315351E+12
 4.16406039E+12 3.96899940E+12 3.73173615E+12 3.52351834E+12 3.35203882E+12
 3.14569150E+12 2.98958106E+12 2.80420121E+12 2.64527743E+12 2.51282945E+12
 2.35988631E+12 2.29790094E+12 2.24894273E+12 2.17234847E+12 2.11432499E+12
 2.07343492E+12 2.01498446E+12 1.97053830E+12 1.93217360E+12 1.90166521E+12
 1.87133469E+12 1.84926643E+12 1.83791187E+12 1.82730794E+12 1.82474092E+12
 1.81370284E+12 1.80353864E+12 1.78545238E+12 1.77102758E+12 1.75295922E+12
 1.72967557E+12 1.72689857E+12 1.70715681E+12 1.69299810E+12 1.68870387E+12
 1.67914484E+12 1.67402364E+12 1.69889083E+12 1.75844812E+12 1.85031541E+12
 2.10397387E+12 2.42010809E+12 2.79068608E+12 3.19441685E+12 3.62434681E+12
 4.07669740E+12 6.52538214E+12 9.12746862E+12 1.17928909E+13 1.44731443E+13
 1.98167021E+13 3.02804563E+13 4.03953518E+13 5.01781429E+13 7.34198064E+13
 1.16106358E+14 1.73936112E+14 2.43737689E+14 3.68196960E+14 6.32758863E+14
 1.26299708E+15 2.10032173E+15 3.46496307E+15 1.07366654E+13 1.07366654E+13
 1.02273831E+13 9.54839141E+12 9.02941278E+12 8.51553402E+12 7.83011078E+12
 7.32020597E+12 6.81343222E+12 6.16519743E+12 5.69072201E+12 5.42349027E+12
 5.09587642E+12 4.80712804E+12 4.56572690E+12 4.27861051E+12 4.05976305E+12
 3.80123870E+12 3.57504754E+12 3.39352302E+12 3.17800206E+12 3.08724209E+12
 3.01824823E+12 2.91062080E+12 2.82852308E+12 2.77015973E+12 2.68642326E+12
 2.62294081E+12 2.56854065E+12 2.52563070E+12 2.48809823E+12 2.45603863E+12
 2.44077420E+12 2.42516548E+12 2.42210902E+12 2.41016704E+12 2.39653780E+12
 2.36818194E+12 2.35009216E+12 2.32607948E+12 2.28996853E+12 2.28551139E+12
 2.25781311E+12 2.23430818E+12 2.22683365E+12 2.20850713E+12 2.19389203E+12
 2.20201307E+12 2.24638907E+12 2.32383917E+12 2.55499929E+12 2.85680275E+12
 3.20900517E+12 3.60372699E+12 4.02461552E+12 4.46967167E+12 6.89300555E+12
 9.48199605E+12 1.21380967E+13 1.48123666E+13 2.01484937E+13 3.06053516E+13
 4.07172609E+13 5.04990132E+13 7.37407537E+13 1.16430817E+14 1.74266459E+14
 2.44074622E+14 3.68543380E+14 6.33118260E+14 1.26336704E+15 2.10068517E+15
 3.46529263E+15 1.88400385E+13 1.88400385E+13 1.81024023E+13 1.71002196E+13
 1.63148273E+13 1.55216558E+13 1.44398741E+13 1.36048335E+13 1.27636495E+13
 1.16451619E+13 1.08034322E+13 1.03157981E+13 9.71234542E+12 9.16849636E+12
 8.71213095E+12 8.15485966E+12 7.73017116E+12 7.21758120E+12 6.76988468E+12
 6.40368937E+12 5.97098488E+12 5.79174187E+12 5.64983820E+12 5.43505564E+12
 5.26882535E+12 5.14840890E+12 4.97411919E+12 4.84250792E+12 4.73109994E+12
 4.64429735E+12 4.56736159E+12 4.50285816E+12 4.47366089E+12 4.44487150E+12
 4.43918555E+12 4.41646969E+12 4.38796001E+12 4.33923869E+12 4.30193075E+12
 4.25487016E+12 4.18896651E+12 4.18073631E+12 4.11928319E+12 4.06775991E+12
 4.05086654E+12 4.00703754E+12 3.96409293E+12 3.91533881E+12 3.91180026E+12
 3.94714821E+12 4.10309171E+12 4.34339602E+12 4.64682987E+12 4.99633885E+12
 5.37928028E+12 5.79435323E+12 8.10875464E+12 1.06380831E+13 1.32511492E+13
 1.58941663E+13 2.11951894E+13 3.16131219E+13 4.17047938E+13 5.14759091E+13
 7.47057503E+13 1.17393908E+14 1.75238202E+14 2.45060214E+14 3.69552747E+14
 6.34166215E+14 1.26446207E+15 2.10179381E+15 3.46636642E+15 2.40016130E+13
 2.40016130E+13 2.31737346E+13 2.20341320E+13 2.11339816E+13 2.02095282E+13
 1.89336133E+13 1.79346882E+13 1.69094256E+13 1.55233258E+13 1.44625067E+13
 1.38418210E+13 1.30617992E+13 1.23565314E+13 1.17549680E+13 1.10168996E+13
 1.04480971E+13 9.75658014E+12 9.14957286E+12 8.64942681E+12 8.05525018E+12
 7.80952515E+12 7.61397925E+12 7.31916684E+12 7.08933117E+12 6.92122950E+12
 6.67663020E+12 6.49196279E+12 6.33629466E+12 6.21537968E+12 6.11074625E+12
 6.02169206E+12 5.97953596E+12 5.94151894E+12 5.93386541E+12 5.90311108E+12
 5.86748203E+12 5.79902679E+12 5.74903614E+12 5.68552954E+12 5.59380353E+12
 5.58242222E+12 5.50032850E+12 5.42908863E+12 5.40553279E+12 5.34350483E+12
 5.28086031E+12 5.19637953E+12 5.16054944E+12 5.16585173E+12 5.27122983E+12
 5.46786407E+12 5.73432507E+12 6.04755531E+12 6.40554598E+12 6.79171099E+12
 9.01599841E+12 1.14868192E+13 1.40614360E+13 1.66774812E+13 2.19410977E+13
 3.23187331E+13 4.23881271E+13 5.21463771E+13 7.53590463E+13 1.18036516E+14
 1.75879618E+14 2.45706011E+14 3.70209804E+14 6.34845890E+14 1.26517646E+15
 2.10252894E+15 3.46710460E+15 3.56724409E+13 3.56724409E+13 3.47503550E+13
 3.34537911E+13 3.24092569E+13 3.13062131E+13 2.97506005E+13 2.84985162E+13
 2.71758516E+13 2.53285499E+13 2.38556072E+13 2.29684962E+13 2.18341711E+13
 2.07745706E+13 1.98568208E+13 1.87020847E+13 1.77926369E+13 1.66677584E+13
 1.56610725E+13 1.48210418E+13 1.38078256E+13 1.33832262E+13 1.30455353E+13
 1.25297197E+13 1.21265659E+13 1.18301517E+13 1.13958087E+13 1.10655031E+13
 1.07859369E+13 1.05668699E+13 1.03827105E+13 1.02217597E+13 1.01501364E+13
 1.00805108E+13 1.00671302E+13 1.00151085E+13 9.95226757E+12 9.83622003E+12
 9.74730173E+12 9.63667823E+12 9.48395884E+12 9.46469429E+12 9.31818132E+12
 9.19146504E+12 9.14975115E+12 9.03997252E+12 8.92665721E+12 8.74968890E+12
 8.63240895E+12 8.56449621E+12 8.54524431E+12 8.63686330E+12 8.80766145E+12
 9.03676587E+12 9.31852053E+12 9.63483393E+12 1.15910442E+13 1.38829619E+13
 1.63303119E+13 1.88534489E+13 2.39837907E+13 3.42143784E+13 4.42007530E+13
 5.39080853E+13 7.70482333E+13 1.19669343E+14 1.77487753E+14 2.47309663E+14
 3.71825942E+14 6.36504026E+14 1.26691647E+15 2.10433283E+15 3.46895013E+15
 4.53435227E+13 4.53435227E+13 4.48367405E+13 4.35261341E+13 4.24545297E+13
 4.13085160E+13 3.96643709E+13 3.83121093E+13 3.68584183E+13 3.47745491E+13
 3.30692443E+13 3.20210746E+13 3.06469416E+13 2.93408661E+13 2.81860081E+13
 2.67034118E+13 2.55136790E+13 2.40133101E+13 2.26462106E+13 2.14858376E+13
 2.00658891E+13 1.94641171E+13 1.89817819E+13 1.82441142E+13 1.76624898E+13
 1.72298850E+13 1.65914565E+13 1.61051441E+13 1.56946058E+13 1.53729587E+13
 1.50992138E+13 1.48601755E+13 1.47549942E+13 1.46531526E+13 1.46332740E+13
 1.45555593E+13 1.44636842E+13 1.42953656E+13 1.41639261E+13 1.40005466E+13
 1.37795267E+13 1.37515226E+13 1.35367212E+13 1.33497092E+13 1.32885804E+13
 1.31286927E+13 1.29615223E+13 1.26810480E+13 1.24823058E+13 1.23435667E+13
 1.21992643E+13 1.21853499E+13 1.22676630E+13 1.24155849E+13 1.26202331E+13
 1.28695444E+13 1.45457890E+13 1.66329537E+13 1.89251538E+13 2.13263712E+13
 2.62820323E+13 3.63053079E+13 4.61736115E+13 5.58033404E+13 7.88325886E+13
 1.21357928E+14 1.79123327E+14 2.48920793E+14 3.73429038E+14 6.38128394E+14
 1.26860847E+15 2.10609066E+15 3.47076853E+15 5.46675163E+13 5.46675163E+13
 5.37834588E+13 5.25142527E+13 5.14660417E+13 5.03327768E+13 4.86928054E+13
 4.73386027E+13 4.58391345E+13 4.36617047E+13 4.18433154E+13 4.07078966E+13
 3.91967377E+13 3.77376812E+13 3.64232683E+13 3.47093837E+13 3.33072373E+13
 3.15097701E+13 2.98389214E+13 2.84010288E+13 2.66150622E+13 2.58490993E+13
 2.52333055E+13 2.42791269E+13 2.35237458E+13 2.29584781E+13 2.21191427E+13
 2.14763190E+13 2.09320192E+13 2.05027276E+13 2.01386783E+13 1.98219125E+13
 1.96789959E+13 1.95440317E+13 1.95176986E+13 1.94147549E+13 1.92927826E+13
 1.90675953E+13 1.88934800E+13 1.86771691E+13 1.83808372E+13 1.83432894E+13
 1.80557707E+13 1.78068041E+13 1.77253382E+13 1.75117543E+13 1.72878150E+13
 1.69058655E+13 1.66165024E+13 1.64048458E+13 1.61385704E+13 1.60207538E+13
 1.60132456E+13 1.60844889E+13 1.62166131E+13 1.63995535E+13 1.78037926E+13
 1.96815005E+13 2.18082228E+13 2.40734896E+13 2.88244012E+13 3.85944087E+13
 4.83119637E+13 5.78394372E+13 8.07220874E+13 1.23113377E+14 1.80799394E+14
 2.50554113E+14 3.75035643E+14 6.39736914E+14 1.27026832E+15 2.10781208E+15
 3.47255566E+15 6.23627892E+13 6.23627892E+13 6.19054062E+13 6.06946418E+13
 5.96879058E+13 5.85886948E+13 5.70011025E+13 5.56678376E+13 5.41863934E+13
 5.19922906E+13 5.01368979E+13 4.89634140E+13 4.73862908E+13 4.58414092E+13
 4.44317118E+13 4.25648850E+13 4.10147204E+13 3.89965101E+13 3.70883922E+13
 3.54198975E+13 3.33170227E+13 3.24044836E+13 3.16680144E+13 3.05175831E+13
 2.96009992E+13 2.89091861E+13 2.78751859E+13 2.70802555E+13 2.64066553E+13
 2.58734022E+13 2.54190460E+13 2.50232131E+13 2.48451454E+13 2.46743893E+13
 2.46417250E+13 2.45149339E+13 2.43615328E+13 2.40792784E+13 2.38614477E+13
 2.35907290E+13 2.32183416E+13 2.31712165E+13 2.28113256E+13 2.24972795E+13
 2.23947171E+13 2.21262169E+13 2.18441153E+13 2.13560854E+13 2.09796751E+13
 2.06912809E+13 2.02996030E+13 2.00791400E+13 1.99837676E+13 1.99769697E+13
 2.00409786E+13 2.01613228E+13 2.13048532E+13 2.29782278E+13 2.49382692E+13
 2.70661164E+13 3.15971020E+13 4.10738285E+13 5.06123898E+13 6.00180286E+13
 8.27180447E+13 1.24941140E+14 1.82522634E+14 2.52217291E+14 3.76654655E+14
 6.41339812E+14 1.27190636E+15 2.10950534E+15 3.47431463E+15 7.73352899E+13
 7.73352899E+13 7.65109023E+13 7.54195430E+13 7.45010232E+13 7.35052141E+13
 7.20308332E+13 7.07703166E+13 6.93815484E+13 6.72788409E+13 6.54584325E+13
 6.42899624E+13 6.26951728E+13 6.10974533E+13 5.96181104E+13 5.76123907E+13
 5.59077662E+13 5.36253659E+13 5.14084059E+13 4.94197204E+13 4.68413138E+13
 4.57004740E+13 4.47653913E+13 4.32906411E+13 4.21023133E+13 4.11914348E+13
 3.98115273E+13 3.87398805E+13 3.78275527E+13 3.70971203E+13 3.64717902E+13
 3.59262684E+13 3.56791321E+13 3.54444380E+13 3.53989475E+13 3.52218052E+13
 3.50111052E+13 3.46189505E+13 3.43145493E+13 3.39358679E+13 3.34165245E+13
 3.33507049E+13 3.28468881E+13 3.24025193E+13 3.22579555E+13 3.18807875E+13
 3.14828441E+13 3.07789183E+13 3.02233966E+13 2.97821341E+13 2.91380956E+13
 2.87136373E+13 2.84452319E+13 2.82882696E+13 2.82169562E+13 2.82148744E+13
 2.88641422E+13 3.01543334E+13 3.17929789E+13 3.36467165E+13 3.77282321E+13
 4.65707596E+13 5.56889358E+13 6.47970499E+13 8.70376787E+13 1.28824442E+14
 1.86124681E+14 2.55649797E+14 3.79949650E+14 6.44552272E+14 1.27514302E+15
 2.11282684E+15 3.47776357E+15 9.07015552E+13 9.07015552E+13 8.99598147E+13
 8.87562061E+13 8.80699338E+13 8.73041574E+13 8.56512638E+13 8.44874876E+13
 8.31864304E+13 8.12147160E+13 7.94799725E+13 7.83570498E+13 7.68097708E+13
 7.52459808E+13 7.37771858E+13 7.17580441E+13 7.00146607E+13 6.76330780E+13
 6.52645024E+13 6.30992401E+13 6.02272906E+13 5.89336073E+13 5.78624853E+13
 5.61498794E+13 5.47570491E+13 5.36756942E+13 5.20175018E+13 5.07164146E+13
 4.96022886E+13 4.86997342E+13 4.79258075E+13 4.72471412E+13 4.69376785E+13
 4.66450347E+13 4.65882167E+13 4.63664434E+13 4.61004453E+13 4.56089247E+13
 4.52252881E+13 4.47469529E+13 4.40912358E+13 4.40078787E+13 4.33670692E+13
 4.28012280E+13 4.26165818E+13 4.21329881E+13 4.16215193E+13 4.07106132E+13
 3.99793143E+13 3.93884528E+13 3.84954115E+13 3.78695121E+13 3.74304139E+13
 3.71267510E+13 3.69257395E+13 3.68057540E+13 3.69870933E+13 3.79210521E+13
 3.92617337E+13 4.08568573E+13 4.45011848E+13 5.26947712E+13 6.13469468E+13
 7.01118686E+13 9.17911951E+13 1.33019210E+14 1.89946571E+14 2.59239029E+14
 3.83338313E+14 6.47796443E+14 1.27835410E+15 2.11609739E+15 3.48114200E+15
 1.26466462E+14 1.26466462E+14 1.25953511E+14 1.24995404E+14 1.24554243E+14
 1.23845254E+14 1.22224486E+14 1.21272774E+14 1.20187854E+14 1.18528941E+14
 1.17053922E+14 1.16084270E+14 1.14741051E+14 1.13355453E+14 1.12037568E+14
 1.10187268E+14 1.08550370E+14 1.06250527E+14 1.03883425E+14 1.01629719E+14
 9.85087217E+13 9.70466573E+13 9.58097742E+13 9.37836492E+13 9.20932823E+13
 9.07356558E+13 8.85892532E+13 8.68646214E+13 8.53700680E+13 8.41292821E+13
 8.30442161E+13 8.20837909E+13 8.16421680E+13 8.12186481E+13 8.11367185E+13
 8.08173390E+13 8.04327081E+13 7.97149174E+13 7.91497264E+13 7.84405975E+13
 7.74627958E+13 7.73375994E+13 7.63662144E+13 7.55021405E+13 7.52189224E+13
 7.44729616E+13 7.36769607E+13 7.22264251E+13 7.10354431E+13 7.00418930E+13
 6.84721459E+13 6.72898328E+13 6.63782549E+13 6.56636896E+13 6.50994039E+13
 6.46514000E+13 6.35458332E+13 6.35192905E+13 6.40741432E+13 6.49871002E+13
 6.74771584E+13 7.38533718E+13 8.11098468E+13 8.87572429E+13 1.08447787E+14
 1.47460651E+14 2.02783718E+14 2.71026398E+14 3.94175225E+14 6.57851084E+14
 1.28800007E+15 2.12576064E+15 3.49102050E+15 1.48681492E+14 1.48681492E+14
 1.48222597E+14 1.47548615E+14 1.46976079E+14 1.46342869E+14 1.44823149E+14
 1.43949755E+14 1.42969434E+14 1.41451714E+14 1.40099341E+14 1.39214609E+14
 1.37982595E+14 1.36694634E+14 1.35468972E+14 1.33748346E+14 1.32213278E+14
 1.30034703E+14 1.27772954E+14 1.25592800E+14 1.22524513E+14 1.21069901E+14
 1.19828609E+14 1.17767337E+14 1.16030737E+14 1.14617337E+14 1.12351516E+14
 1.10507130E+14 1.08895301E+14 1.07538296E+14 1.06343827E+14 1.05275797E+14
 1.04782362E+14 1.04314267E+14 1.04222245E+14 1.03860288E+14 1.03429054E+14
 1.02620038E+14 1.01979311E+14 1.01171432E+14 1.00050726E+14 9.99067765E+13
 9.87858488E+13 9.77823043E+13 9.74523139E+13 9.65798619E+13 9.56445194E+13
 9.39231741E+13 9.24934580E+13 9.12850294E+13 8.93453629E+13 8.78514493E+13
 8.66701004E+13 8.57167528E+13 8.49379346E+13 8.42980379E+13 8.24263198E+13
 8.18325737E+13 8.19234075E+13 8.24424039E+13 8.42663245E+13 8.95869422E+13
 9.59956872E+13 1.02935387E+14 1.21250096E+14 1.58540208E+14 2.12477464E+14
 2.79760296E+14 4.02001991E+14 6.64884350E+14 1.29452365E+15 2.13217349E+15
 3.49748234E+15 2.02005576E+14 2.02005576E+14 2.01625409E+14 2.01063961E+14
 2.00588702E+14 2.00057396E+14 1.99253158E+14 1.98552721E+14 1.97170420E+14
 1.95869179E+14 1.94713004E+14 1.93940230E+14 1.92875733E+14 1.91761466E+14
 1.90702917E+14 1.89201814E+14 1.87859345E+14 1.85949830E+14 1.83936222E+14
 1.81976478E+14 1.79176987E+14 1.77823091E+14 1.76656065E+14 1.74695784E+14
 1.73020213E+14 1.71629539E+14 1.69352964E+14 1.67462390E+14 1.65788092E+14
 1.64348764E+14 1.63063951E+14 1.61901218E+14 1.61357066E+14 1.60837224E+14
 1.60735135E+14 1.60333578E+14 1.59850803E+14 1.58939929E+14 1.58212847E+14
 1.57288763E+14 1.55991851E+14 1.55824249E+14 1.54510004E+14 1.53317837E+14
 1.52923083E+14 1.51871050E+14 1.50732339E+14 1.48597982E+14 1.46783936E+14
 1.45222272E+14 1.42643050E+14 1.40585415E+14 1.38898375E+14 1.37487080E+14
 1.36293029E+14 1.35267244E+14 1.31830250E+14 1.30038220E+14 1.29148395E+14
 1.28825908E+14 1.29232686E+14 1.32326394E+14 1.36937823E+14 1.42339057E+14
 1.57534296E+14 1.90458150E+14 2.40391410E+14 3.04607446E+14 4.23753382E+14
 6.83772428E+14 1.31137065E+15 2.14836028E+15 3.51352593E+15 3.05171533E+14
 3.05171533E+14 3.04855150E+14 3.04383991E+14 3.03980792E+14 3.03528341E+14
 3.02841388E+14 3.02224421E+14 3.01555876E+14 3.00238461E+14 2.99002470E+14
 2.98316436E+14 2.97389698E+14 2.96441391E+14 2.95529294E+14 2.94225812E+14
 2.93075851E+14 2.91436387E+14 2.89709969E+14 2.88029446E+14 2.85612031E+14
 2.84439966E+14 2.83424674E+14 2.81705377E+14 2.80225416E+14 2.78984188E+14
 2.76926471E+14 2.75194492E+14 2.73645261E+14 2.72293967E+14 2.71074438E+14
 2.69952554E+14 2.69429111E+14 2.68917205E+14 2.68817485E+14 2.68426770E+14
 2.67953327E+14 2.67051594E+14 2.66326457E+14 2.65396516E+14 2.64071611E+14
 2.63899325E+14 2.62539355E+14 2.61288848E+14 2.60871474E+14 2.59749230E+14
 2.58520131E+14 2.56165596E+14 2.54120381E+14 2.52318018E+14 2.49255614E+14
 2.46713244E+14 2.44560662E+14 2.42701987E+14 2.41071961E+14 2.39633017E+14
 2.34349373E+14 2.31005923E+14 2.28778992E+14 2.27272806E+14 2.25642418E+14
 2.25463546E+14 2.27416585E+14 2.30520710E+14 2.40913586E+14 2.66483998E+14
 3.08532541E+14 3.65600005E+14 4.76328946E+14 7.27433039E+14 1.34792325E+15
 2.18210169E+15 3.54592626E+15 4.57316116E+14 4.57316116E+14 4.57029189E+14
 4.56597775E+14 4.56214705E+14 4.55804532E+14 4.55161362E+14 4.54598033E+14
 4.53952136E+14 4.52930825E+14 4.52047717E+14 4.51455748E+14 4.50365810E+14
 4.49787678E+14 4.48432072E+14 4.47256934E+14 4.46201928E+14 4.44714220E+14
 4.43153964E+14 4.41643072E+14 4.39485957E+14 4.38442754E+14 4.37539063E+14
 4.36013550E+14 4.34703260E+14 4.33604721E+14 4.31780415E+14 4.30239119E+14
 4.28854961E+14 4.27640728E+14 4.26542792E+14 4.25537971E+14 4.25053709E+14
 4.24594667E+14 4.24505847E+14 4.24153866E+14 4.23715146E+14 4.22895203E+14
 4.22228615E+14 4.21369685E+14 4.20149888E+14 4.19990509E+14 4.18723774E+14
 4.17544890E+14 4.17150647E+14 4.16088265E+14 4.14918208E+14 4.12650911E+14
 4.10655689E+14 4.08869726E+14 4.05775819E+14 4.03150895E+14 4.00879630E+14
 3.98871318E+14 3.97083638E+14 3.95472241E+14 3.89230516E+14 3.84903531E+14
 3.81716984E+14 3.79292121E+14 3.75955386E+14 3.72793935E+14 3.72185232E+14
 3.73015018E+14 3.78528769E+14 3.96280225E+14 4.29109075E+14 4.76627429E+14
 5.73898442E+14 8.07220517E+14 1.41065699E+15 2.23722621E+15 3.59669028E+15
 6.58710777E+14 6.58710777E+14 6.58428976E+14 6.58002455E+14 6.57630678E+14
 6.57210613E+14 6.56561854E+14 6.55993831E+14 6.55344862E+14 6.54325384E+14
 6.53426267E+14 6.52823225E+14 6.52003599E+14 6.51141751E+14 6.49964255E+14
 6.48859357E+14 6.47762813E+14 6.46330039E+14 6.44847365E+14 6.43410387E+14
 6.41367105E+14 6.40395686E+14 6.39550189E+14 6.38148961E+14 6.36939555E+14
 6.35917540E+14 6.34219769E+14 6.32796901E+14 6.31533192E+14 6.30436216E+14
 6.29418702E+14 6.28498077E+14 6.28056163E+14 6.27637530E+14 6.27556296E+14
 6.27236352E+14 6.26840768E+14 6.26078619E+14 6.25467846E+14 6.24682723E+14
 6.23552847E+14 6.23405826E+14 6.22245938E+14 6.21164353E+14 6.20801265E+14
 6.19818862E+14 6.18734148E+14 6.16627720E+14 6.14762909E+14 6.13092680E+14
 6.10164076E+14 6.07658648E+14 6.05471689E+14 6.03514943E+14 6.01753884E+14
 6.00150107E+14 5.93777666E+14 5.89150559E+14 5.85568180E+14 5.82703510E+14
 5.78423102E+14 5.73333685E+14 5.70861999E+14 5.69925030E+14 5.71427018E+14
 5.82330611E+14 6.06639909E+14 6.44683986E+14 7.26960622E+14 9.35945160E+14
 1.50919607E+15 2.32002792E+15 3.66967783E+15 1.05999934E+15 1.05999934E+15
 1.05969830E+15 1.05923838E+15 1.05883568E+15 1.05837729E+15 1.05767146E+15
 1.05705003E+15 1.05632699E+15 1.05523379E+15 1.05425317E+15 1.05361248E+15
 1.05271835E+15 1.05181964E+15 1.05068228E+15 1.04973365E+15 1.04840736E+15
 1.04694520E+15 1.04542919E+15 1.04398670E+15 1.04197344E+15 1.04100737E+15
 1.04021203E+15 1.03880534E+15 1.03762975E+15 1.03666674E+15 1.03509025E+15
 1.03376424E+15 1.03257053E+15 1.03151821E+15 1.03059371E+15 1.02973881E+15
 1.02933198E+15 1.02894339E+15 1.02886679E+15 1.02856475E+15 1.02820351E+15
 1.02748813E+15 1.02692539E+15 1.02621023E+15 1.02519248E+15 1.02505862E+15
 1.02398500E+15 1.02299656E+15 1.02266460E+15 1.02176609E+15 1.02077479E+15
 1.01885518E+15 1.01715137E+15 1.01561417E+15 1.01295233E+15 1.01065317E+15
 1.00864565E+15 1.00684581E+15 1.00522014E+15 1.00371796E+15 9.97721498E+14
 9.93201280E+14 9.89616899E+14 9.86650613E+14 9.81993630E+14 9.75753902E+14
 9.71890467E+14 9.69466242E+14 9.67129308E+14 9.70637743E+14 9.84867859E+14
 1.01096011E+15 1.07277843E+15 1.24287056E+15 1.75138372E+15 2.51777215E+15
 3.83574598E+15 1.56072715E+15 1.56072715E+15 1.56038887E+15 1.55986839E+15
 1.55941130E+15 1.55888915E+15 1.55808766E+15 1.55737365E+15 1.55657054E+15
 1.55531987E+15 1.55420978E+15 1.55349399E+15 1.55250040E+15 1.55149261E+15
 1.55054845E+15 1.54923625E+15 1.54790017E+15 1.54633192E+15 1.54492340E+15
 1.54343018E+15 1.54134462E+15 1.54001711E+15 1.53916978E+15 1.53776246E+15
 1.53657785E+15 1.53559384E+15 1.53398307E+15 1.53264767E+15 1.53146807E+15
 1.53044444E+15 1.52952393E+15 1.52867387E+15 1.52828676E+15 1.52791322E+15
 1.52783745E+15 1.52753234E+15 1.52718605E+15 1.52649635E+15 1.52595519E+15
 1.52526378E+15 1.52426437E+15 1.52413629E+15 1.52315138E+15 1.52215386E+15
 1.52182629E+15 1.52096124E+15 1.52002603E+15 1.51826625E+15 1.51663744E+15
 1.51511572E+15 1.51260737E+15 1.51046676E+15 1.50854877E+15 1.50689830E+15
 1.50533497E+15 1.50393463E+15 1.49830575E+15 1.49403856E+15 1.49063546E+15
 1.48778069E+15 1.48322468E+15 1.47686217E+15 1.47264387E+15 1.46967496E+15
 1.46564276E+15 1.46513883E+15 1.47302063E+15 1.49085521E+15 1.53736736E+15
 1.67488432E+15 2.11529753E+15 2.81894275E+15 4.08142588E+15 2.56136064E+15
 2.56136064E+15 2.56094040E+15 2.56029184E+15 2.55972022E+15 2.55907065E+15
 2.55806317E+15 2.55717956E+15 2.55617372E+15 2.55462161E+15 2.55325661E+15
 2.55237236E+15 2.55115902E+15 2.54993651E+15 2.54879237E+15 2.54722558E+15
 2.54586768E+15 2.54402142E+15 2.54215486E+15 2.54041407E+15 2.53803558E+15
 2.53692633E+15 2.53574589E+15 2.53443955E+15 2.53328285E+15 2.53223827E+15
 2.53040409E+15 2.52883683E+15 2.52748574E+15 2.52633007E+15 2.52536159E+15
 2.52449166E+15 2.52408319E+15 2.52367757E+15 2.52360246E+15 2.52330629E+15
 2.52293277E+15 2.52233922E+15 2.52175632E+15 2.52096126E+15 2.52004893E+15
 2.51992043E+15 2.51879329E+15 2.51781910E+15 2.51749655E+15 2.51663694E+15
 2.51570272E+15 2.51393655E+15 2.51235935E+15 2.51088803E+15 2.50847022E+15
 2.50635454E+15 2.50454140E+15 2.50293373E+15 2.50148174E+15 2.50017743E+15
 2.49487296E+15 2.49090921E+15 2.48771961E+15 2.48503783E+15 2.48080577E+15
 2.47473748E+15 2.47053767E+15 2.46745850E+15 2.46265981E+15 2.45949008E+15
 2.46223801E+15 2.47248504E+15 2.50334005E+15 2.60362713E+15 2.95218432E+15
 3.54803793E+15 4.68540621E+15 6.06198914E+15 6.06198914E+15 6.06130352E+15
 6.06024626E+15 6.05931273E+15 6.05825159E+15 6.05660916E+15 6.05517118E+15
 6.05353873E+15 6.05103085E+15 6.04882757E+15 6.04742711E+15 6.04549942E+15
 6.04357133E+15 6.04177854E+15 6.03934095E+15 6.03725398E+15 6.03443505E+15
 6.03162799E+15 6.02904286E+15 6.02555128E+15 6.02395034E+15 6.02260164E+15
 6.02040454E+15 6.01860837E+15 6.01712284E+15 6.01473091E+15 6.01281090E+15
 6.01117645E+15 6.00978591E+15 6.00853652E+15 6.00740648E+15 6.00689980E+15
 6.00639993E+15 6.00630296E+15 6.00592317E+15 6.00546129E+15 6.00458376E+15
 6.00390956E+15 6.00302674E+15 6.00161788E+15 6.00143975E+15 6.00018742E+15
 5.99923338E+15 5.99888503E+15 5.99785716E+15 5.99670777E+15 5.99462243E+15
 5.99281804E+15 5.99122145E+15 5.98851048E+15 5.98602191E+15 5.98405419E+15
 5.98233135E+15 5.98081139E+15 5.97938887E+15 5.97404981E+15 5.97013026E+15
 5.96704772E+15 5.96453214E+15 5.96054190E+15 5.95496754E+15 5.95114134E+15
 5.94829418E+15 5.94369827E+15 5.93956368E+15 5.93913974E+15 5.94335488E+15
 5.95930371E+15 6.01670927E+15 6.23397994E+15 6.63474403E+15 7.46440304E+15
 1.00623082E+16 1.00623082E+16 1.00613736E+16 1.00599129E+16 1.00586220E+16
 1.00571556E+16 1.00548853E+16 1.00529066E+16 1.00506327E+16 1.00471933E+16
 1.00441785E+16 1.00422371E+16 1.00395911E+16 1.00369435E+16 1.00344957E+16
 1.00311689E+16 1.00283301E+16 1.00244803E+16 1.00206943E+16 1.00172088E+16
 1.00125002E+16 1.00103794E+16 1.00085797E+16 1.00056310E+16 1.00032568E+16
 1.00013081E+16 9.99818182E+15 9.99567390E+15 9.99353868E+15 9.99170621E+15
 9.99010219E+15 9.98866197E+15 9.98799642E+15 9.98734967E+15 9.98722468E+15
 9.98673686E+15 9.98614771E+15 9.98504700E+15 9.98417769E+15 9.98307365E+15
 9.98150849E+15 9.98130723E+15 9.97974479E+15 9.97832793E+15 9.97785746E+15
 9.97659929E+15 9.97523353E+15 9.97266377E+15 9.97045233E+15 9.96856173E+15
 9.96526588E+15 9.96257447E+15 9.96030769E+15 9.95809891E+15 9.95632666E+15
 9.95492783E+15 9.94865358E+15 9.94430312E+15 9.94094450E+15 9.93829246E+15
 9.93398600E+15 9.92823328E+15 9.92436953E+15 9.92157623E+15 9.91705482E+15
 9.91322850E+15 9.91246559E+15 9.91570051E+15 9.92820851E+15 9.97280394E+15
 1.01404103E+16 1.04516706E+16 1.11096280E+16 2.00632734E+16 2.00632734E+16
 2.00617837E+16 2.00594666E+16 2.00574157E+16 2.00550906E+16 2.00514801E+16
 2.00483260E+16 2.00447636E+16 2.00392731E+16 2.00344862E+16 2.00314043E+16
 2.00272060E+16 2.00230121E+16 2.00191208E+16 2.00138464E+16 2.00093477E+16
 2.00032730E+16 1.99972722E+16 1.99917561E+16 1.99843588E+16 1.99809756E+16
 1.99781349E+16 1.99735370E+16 1.99698364E+16 1.99667685E+16 1.99618281E+16
 1.99578854E+16 1.99545676E+16 1.99517301E+16 1.99492341E+16 1.99469996E+16
 1.99459769E+16 1.99449880E+16 1.99447972E+16 1.99440532E+16 1.99431571E+16
 1.99414472E+16 1.99401077E+16 1.99384181E+16 1.99360471E+16 1.99357426E+16
 1.99333776E+16 1.99312291E+16 1.99305195E+16 1.99286334E+16 1.99265940E+16
 1.99227646E+16 1.99194827E+16 1.99166547E+16 1.99118580E+16 1.99079378E+16
 1.99046699E+16 1.99017466E+16 1.98992348E+16 1.98969626E+16 1.98883453E+16
 1.98823525E+16 1.98777979E+16 1.98742779E+16 1.98685852E+16 1.98612702E+16
 1.98564804E+16 1.98531601E+16 1.98476942E+16 1.98433243E+16 1.98425614E+16
 1.98454880E+16 1.98565401E+16 1.98933876E+16 2.00224364E+16 2.02527030E+16
 2.07343548E+16 5.00678197E+16 5.00678197E+16 5.00649958E+16 5.00606531E+16
 5.00567846E+16 5.00524119E+16 5.00456009E+16 5.00396585E+16 5.00329405E+16
 5.00225705E+16 5.00135091E+16 5.00076550E+16 4.99996912E+16 4.99917170E+16
 4.99843055E+16 4.99742442E+16 4.99656435E+16 4.99539945E+16 4.99424691E+16
 4.99318515E+16 4.99175842E+16 4.99110203E+16 4.99055228E+16 4.98965703E+16
 4.98893815E+16 4.98833943E+16 4.98737178E+16 4.98659904E+16 4.98595080E+16
 4.98539451E+16 4.98490532E+16 4.98446743E+16 4.98426994E+16 4.98407569E+16
 4.98403792E+16 4.98389001E+16 4.98371140E+16 4.98337919E+16 4.98311585E+16
 4.98278331E+16 4.98232048E+16 4.98226083E+16 4.98179439E+16 4.98137106E+16
 4.98123222E+16 4.98086567E+16 4.98046965E+16 4.97972236E+16 4.97908419E+16
 4.97852567E+16 4.97759341E+16 4.97681877E+16 4.97617232E+16 4.97560635E+16
 4.97510885E+16 4.97466137E+16 4.97295478E+16 4.97176517E+16 4.97089087E+16
 4.97013481E+16 4.96902195E+16 4.96754236E+16 4.96657389E+16 4.96587939E+16
 4.96479335E+16 4.96372724E+16 4.96323614E+16 4.96329759E+16 4.96419223E+16
 4.96758662E+16 4.97876261E+16 4.99692359E+16 5.03233026E+16 1.00078032E+17
 1.00078032E+17 1.00073480E+17 1.00066398E+17 1.00060120E+17 1.00053049E+17
 1.00041931E+17 1.00032252E+17 1.00021342E+17 1.00004381E+17 9.99895918E+16
 9.99800150E+16 9.99669290E+16 9.99538260E+16 9.99416198E+16 9.99250203E+16
 9.99107983E+16 9.98914683E+16 9.98723133E+16 9.98546014E+16 9.98307009E+16
 9.98196803E+16 9.98104989E+16 9.97953771E+16 9.97832299E+16 9.97730825E+16
 9.97566275E+16 9.97434513E+16 9.97323872E+16 9.97228593E+16 9.97144728E+16
 9.97069834E+16 9.97034994E+16 9.97001742E+16 9.96995303E+16 9.96970091E+16
 9.96939608E+16 9.96882337E+16 9.96836932E+16 9.96779568E+16 9.96699605E+16
 9.96689290E+16 9.96608548E+16 9.96535804E+16 9.96511775E+16 9.96447850E+16
 9.96378682E+16 9.96248611E+16 9.96137150E+16 9.96039627E+16 9.95874744E+16
 9.95739049E+16 9.95623339E+16 9.95522714E+16 9.95433297E+16 9.95353226E+16
 9.95044712E+16 9.94826235E+16 9.94657756E+16 9.94521768E+16 9.94310137E+16
 9.94022071E+16 9.93827364E+16 9.93683538E+16 9.93443190E+16 9.93185880E+16
 9.93013203E+16 9.92926339E+16 9.92924932E+16 9.93184767E+16 9.94240626E+16
 9.95953143E+16 9.99125894E+16
