 SILICA     LANL SESAME #7385 DATED: 32387 22388
    24     1.00000000E+01 2.00281000E+01 2.65000000E+00    5514
 7.30000000E+01 3.70000000E+01 0.00000000E+00 2.65000000E-06 5.30000000E-06
 1.32500000E-05 2.65000000E-05 5.30000000E-05 1.32500000E-04 2.65000000E-04
 5.30000000E-04 1.32500000E-03 2.65000000E-03 3.97500000E-03 6.62500000E-03
 1.06000000E-02 1.59000000E-02 2.65000000E-02 3.97500000E-02 6.62500000E-02
 1.06000000E-01 1.59000000E-01 2.65000000E-01 3.31250000E-01 3.97500000E-01
 5.30000000E-01 6.62500000E-01 7.95000000E-01 1.06000000E+00 1.32500000E+00
 1.59000000E+00 1.85500000E+00 2.12000000E+00 2.38500000E+00 2.51750000E+00
 2.58905000E+00 2.65000000E+00 2.71095000E+00 2.78250000E+00 2.84080000E+00
 2.91500000E+00 3.03955000E+00 3.18000000E+00 3.71000000E+00 4.24000000E+00
 4.60040000E+00 4.77000000E+00 5.30000000E+00 6.62500000E+00 7.95000000E+00
 9.27500000E+00 1.06000000E+01 1.32500000E+01 1.59000000E+01 1.85500000E+01
 2.12000000E+01 2.38500000E+01 2.65000000E+01 3.97500000E+01 5.30000000E+01
 6.62500000E+01 7.95000000E+01 1.06000000E+02 1.59000000E+02 2.12000000E+02
 2.65000000E+02 3.97500000E+02 6.62500000E+02 1.06000000E+03 1.59000000E+03
 2.65000000E+03 5.30000000E+03 1.32500000E+04 2.65000000E+04 5.30000000E+04
 0.00000000E+00 1.24998384E-05 2.56916679E-05 4.99993537E-05 9.99987075E-05
 2.49996769E-04 4.99993537E-04 7.49990306E-04 9.99987075E-04 1.49998061E-03
 1.99997415E-03 2.49996769E-03 2.99996122E-03 3.99994830E-03 4.99993537E-03
 7.99989660E-03 9.99987075E-03 1.49998061E-02 1.99997415E-02 2.49996769E-02
 2.99996122E-02 3.99994830E-02 4.99993537E-02 7.99989660E-02 9.99987075E-02
 1.49998061E-01 2.49996769E-01 3.99994830E-01 5.99992245E-01 9.99987075E-01
 1.49998061E+00 2.49996769E+00 5.99992245E+00 9.99987075E+00 1.99997415E+01
 4.99993537E+01 9.99987075E+01 0.00000000E+00-1.39763962E+03-3.80272848E+03
-1.42779196E+04-3.88352229E+04-1.05602896E+05-3.96027409E+05-1.07565287E+06
-2.91888483E+06-1.08987277E+07-2.94494962E+07-5.25963686E+07-1.08980961E+08
-2.12447194E+08-3.76802870E+08-7.71767378E+08-1.35634139E+09-2.73508393E+09
-5.15114149E+09-8.77631321E+09-1.67398546E+10-2.19189668E+10-2.71130181E+10
-3.72487669E+10-4.67035585E+10-5.51839832E+10-6.84212998E+10-7.57594427E+10
-7.63917719E+10-6.97217450E+10-5.52793289E+10-3.26769244E+10-1.82105685E+10
-9.50261259E+09-1.58352375E+09 7.45562313E+09 1.96883707E+10 3.10922261E+10
 4.76921716E+10 8.16209475E+10 1.30954821E+11 2.37428692E+11 3.11535103E+11
 3.56586390E+11 4.92926992E+11 9.30686011E+11 2.05448405E+12 3.74661101E+12
 6.38952305E+12 1.00651232E+13 2.05324038E+13 3.52426052E+13 5.41972101E+13
 7.74209072E+13 1.04894906E+14 1.36589499E+14 3.58148853E+14 6.82012250E+14
 1.10488708E+15 1.62370280E+15 2.93862637E+15 6.61833967E+15 1.16108299E+16
 1.78367569E+16 3.84254383E+16 9.91206108E+16 2.33442867E+17 4.84097631E+17
 1.20070214E+18 4.05650935E+18 1.98677840E+19 6.53186189E+19 2.13122294E+20
 0.00000000E+00 6.73946827E+02-2.07677228E+02-5.31494756E+03-2.09476508E+04
-6.99051293E+04-3.07028197E+05-8.97955855E+05-2.56372210E+06-1.00073357E+07
-2.76438289E+07-4.98444210E+07-1.04228243E+08-2.04412003E+08-3.63892098E+08
-7.47715622E+08-1.31666370E+09-2.66208633E+09-5.02954037E+09-8.59806352E+09
-1.64783065E+10-2.16224657E+10-2.67918232E+10-3.69010137E+10-4.64676425E+10
-5.48337660E+10-6.80955049E+10-7.54687259E+10-7.61332961E+10-6.94907140E+10
-5.50709240E+10-3.24871545E+10-1.80287882E+10-9.32482741E+09-1.40901358E+09
 7.63175670E+09 1.98652548E+10 3.12689782E+10 4.78678617E+10 8.17931321E+10
 1.31121002E+11 2.37564205E+11 3.11639884E+11 3.56673414E+11 4.93006568E+11
 9.30746527E+11 2.05451481E+12 3.74662649E+12 6.38953103E+12 1.00651252E+13
 2.05324017E+13 3.52425996E+13 5.41972031E+13 7.74208995E+13 1.04894898E+14
 1.36589490E+14 3.58148843E+14 6.82012238E+14 1.10488707E+15 1.62370279E+15
 2.93862635E+15 6.61833965E+15 1.16108298E+16 1.78367568E+16 3.84254382E+16
 9.91206107E+16 2.33442867E+17 4.84097630E+17 1.20070214E+18 4.05650935E+18
 1.98677840E+19 6.53186189E+19 2.13122294E+20 0.00000000E+00 2.87179381E+03
 3.66700228E+03 4.33184586E+03-1.71485336E+03-3.15606591E+04-2.11558555E+05
-7.07576875E+05-2.18396222E+06-9.06010817E+06-2.57483561E+07-4.69943961E+07
-9.94420225E+07-1.96631541E+08-3.51903480E+08-7.26399654E+08-1.28182936E+09
-2.59474064E+09-4.90462550E+09-8.38968190E+09-1.61030992E+10-2.11492624E+10
-2.62271288E+10-3.61740682E+10-4.57210090E+10-5.38532712E+10-6.69468389E+10
-7.42177998E+10-7.48183319E+10-6.81347314E+10-5.36863280E+10-3.10794542E+10
-1.66100442E+10-7.90005803E+09 2.09383834E+07 9.11586881E+09 2.14051991E+10
 3.28487017E+10 4.94912698E+10 8.34741302E+10 1.32846133E+11 2.39313634E+11
 3.13284555E+11 3.58215380E+11 4.94496633E+11 9.32073057E+11 2.05548749E+12
 3.74735198E+12 6.39009181E+12 1.00655721E+13 2.05327132E+13 3.52428339E+13
 5.41973902E+13 7.74210550E+13 1.04895031E+14 1.36589607E+14 3.58148914E+14
 6.82012288E+14 1.10488711E+15 1.62370281E+15 2.93862636E+15 6.61833963E+15
 1.16108298E+16 1.78367568E+16 3.84254381E+16 9.91206105E+16 2.33442867E+17
 4.84097630E+17 1.20070214E+18 4.05650935E+18 1.98677840E+19 6.53186189E+19
 2.13122294E+20 0.00000000E+00 6.92641439E+03 1.09672810E+04 2.24605009E+04
 3.43594726E+04 4.02282164E+04-3.32351216E+04-3.52572875E+05-1.47697883E+06
-7.30083772E+06-2.22365423E+07-4.17256702E+07-9.06352829E+07-1.82433471E+08
-3.30311772E+08-6.89120595E+08-1.22292626E+09-2.48544788E+09-4.70462029E+09
-8.05107519E+09-1.54658066E+10-2.03248366E+10-2.52200017E+10-3.48202979E+10
-4.42374339E+10-5.18617162E+10-6.44254049E+10-7.12616876E+10-7.14858570E+10
-6.44639400E+10-4.96971763E+10-2.67765061E+10-1.21475600E+10-3.34996179E+09
 4.64663627E+09 1.39797279E+10 2.65326167E+10 3.81788062E+10 5.50643834E+10
 8.94200357E+10 1.39163659E+11 2.46648134E+11 3.21172927E+11 3.66291686E+11
 5.02620636E+11 9.40218255E+11 2.06317427E+12 3.75430170E+12 6.39628736E+12
 1.00710805E+13 2.05371279E+13 3.52464625E+13 5.42004538E+13 7.74237021E+13
 1.04897362E+14 1.36591694E+14 3.58150316E+14 6.82013373E+14 1.10488801E+15
 1.62370359E+15 2.93862696E+15 6.61834003E+15 1.16108301E+16 1.78367569E+16
 3.84254380E+16 9.91206101E+16 2.33442866E+17 4.84097629E+17 1.20070214E+18
 4.05650935E+18 1.98677840E+19 6.53186189E+19 2.13122294E+20 0.00000000E+00
 1.52699056E+04 2.66021888E+04 6.10865309E+04 1.10927548E+05 1.92032573E+05
 3.42068619E+05 3.92059225E+05 1.21619795E+03-3.63722546E+06-1.49463135E+07
-3.08115663E+07-7.24565922E+07-1.53275620E+08-2.86298339E+08-6.14420802E+08
-1.10760227E+09-2.27999789E+09-4.34147109E+09-7.44351468E+09-1.43042164E+10
-1.87997161E+10-2.33301210E+10-3.22153405E+10-4.12414438E+10-4.78172273E+10
-5.91252073E+10-6.48696142E+10-6.40896938E+10-5.61142834E+10-4.04083042E+10
-1.65280108E+10-1.40096342E+09 7.67266298E+09 1.59088504E+10 2.58674211E+10
 3.91282044E+10 5.13314635E+10 6.89017801E+10 1.04350076E+11 1.55247336E+11
 2.66457559E+11 3.43918877E+11 3.90681629E+11 5.27700627E+11 9.67160467E+11
 2.09327166E+12 3.78611343E+12 6.42892246E+12 1.01039640E+13 2.05695550E+13
 3.52777973E+13 5.42304662E+13 7.74523399E+13 1.04924657E+14 1.36617714E+14
 3.58171220E+14 6.82030847E+14 1.10490310E+15 1.62371695E+15 2.93863797E+15
 6.61834841E+15 1.16108369E+16 1.78367627E+16 3.84254421E+16 9.91206120E+16
 2.33442865E+17 4.84097626E+17 1.20070213E+18 4.05650933E+18 1.98677840E+19
 6.53186188E+19 2.13122294E+20 0.00000000E+00 4.02848304E+04 7.83985430E+04
 1.87437917E+05 3.59008637E+05 6.79254831E+05 1.53210091E+06 2.73259231E+06
 4.60917678E+06 7.66852009E+06 7.39321428E+06 2.49952817E+06-1.72594329E+07
-6.52252155E+07-1.54206904E+08-3.92950696E+08-7.71238069E+08-1.70075388E+09
-3.36071441E+09-5.85879440E+09-1.13309709E+10-1.48827404E+10-1.84404556E+10
-2.53543697E+10-3.25221580E+10-3.63403928E+10-4.36270963E+10-4.58566505E+10
-4.17875376E+10-3.06470168E+10-1.17979379E+10 1.53074387E+10 3.21094958E+10
 4.21111713E+10 5.11530939E+10 6.30053631E+10 7.84314848E+10 9.23558726E+10
 1.12064771E+11 1.50981603E+11 2.05625457E+11 3.29662730E+11 4.18308690E+11
 4.71938576E+11 6.12014456E+11 1.06040212E+12 2.20560276E+12 3.91428553E+12
 6.57071503E+12 1.02577233E+13 2.07437182E+13 3.54688918E+13 5.44359602E+13
 7.76702517E+13 1.05153378E+14 1.36855906E+14 3.58442473E+14 6.82320007E+14
 1.10520143E+15 1.62401905E+15 2.93893846E+15 6.61863092E+15 1.16110973E+16
 1.78370024E+16 3.84256407E+16 9.91207604E+16 2.33442972E+17 4.84097700E+17
 1.20070217E+18 4.05650930E+18 1.98677838E+19 6.53186185E+19 2.13122293E+20
 0.00000000E+00 1.00201547E+05 1.95185908E+05 4.69149077E+05 9.06750326E+05
 1.74324352E+06 4.08879412E+06 7.69341656E+06 1.42345747E+07 3.08070938E+07
 5.23680373E+07 6.88933558E+07 9.13043011E+07 1.05683132E+08 9.89838802E+07
 2.37760218E+07-1.49827823E+08-6.63493343E+08-1.67358809E+09-3.24572537E+09
-6.66552656E+09-8.82222473E+09-1.09179990E+10-1.46862991E+10-1.71607289E+10
-1.72691294E+10-1.78871672E+10-1.40092475E+10-4.19994141E+09 1.24697217E+10
 3.67870399E+10 6.94623029E+10 8.91329115E+10 1.00716767E+11 1.11128018E+11
 1.25871348E+11 1.44624885E+11 1.61211100E+11 1.84249142E+11 2.28619822E+11
 2.89230554E+11 4.34312932E+11 5.42097396E+11 6.07845528E+11 7.53404737E+11
 1.21813138E+12 2.39999486E+12 4.14112718E+12 6.82719732E+12 1.05418662E+13
 2.10791109E+13 3.58517973E+13 5.48637386E+13 7.81408520E+13 1.05665102E+14
 1.37407283E+14 3.59174369E+14 6.83208803E+14 1.10622810E+15 1.62516753E+15
 2.94029072E+15 6.62027226E+15 1.16129204E+16 1.78389378E+16 3.84276848E+16
 9.91227311E+16 2.33444696E+17 4.84099138E+17 1.20070323E+18 4.05650989E+18
 1.98677838E+19 6.53186178E+19 2.13122292E+20 0.00000000E+00 1.74619016E+05
 3.39694866E+05 8.15698062E+05 1.57709454E+06 3.03752984E+06 7.17118578E+06
 1.36283406E+07 2.56579108E+07 5.79572275E+07 1.04692343E+08 1.45760428E+08
 2.16253744E+08 3.01385570E+08 3.87689574E+08 4.96479870E+08 5.51895077E+08
 4.99302087E+08 1.98839494E+08-3.80384896E+08-1.62518374E+09-2.28446085E+09
-2.76847852E+09-2.95432410E+09-1.57142286E+09 2.14158068E+09 8.67756987E+09
 1.90822987E+10 3.49734875E+10 5.74566488E+10 8.74770135E+10 1.25893620E+11
 1.48495066E+11 1.61687205E+11 1.73485484E+11 1.90885687E+11 2.12710492E+11
 2.31764667E+11 2.57902720E+11 3.07383056E+11 3.73629287E+11 5.38951946E+11
 6.65588611E+11 7.43463231E+11 8.94552551E+11 1.37589859E+12 2.59568910E+12
 4.37095628E+12 7.08857953E+12 1.08329837E+13 2.14260467E+13 3.62513509E+13
 5.53138096E+13 7.86399257E+13 1.06212009E+14 1.38001074E+14 3.59992063E+14
 6.84237291E+14 1.10745687E+15 1.62658728E+15 2.94206731E+15 6.62267541E+15
 1.16158517E+16 1.78423153E+16 3.84318997E+16 9.91278467E+16 2.33450205E+17
 4.84104513E+17 1.20070789E+18 4.05651315E+18 1.98677853E+19 6.53186179E+19
 2.13122290E+20 0.00000000E+00 2.61687278E+05 5.08542933E+05 1.21969437E+06
 2.35666408E+06 4.53899058E+06 1.07319928E+07 2.04590582E+07 3.87467367E+07
 8.88710290E+07 1.63967832E+08 2.32572223E+08 3.56829762E+08 5.20796248E+08
 7.10415366E+08 1.02295624E+09 1.33110893E+09 1.78502727E+09 2.25850028E+09
 2.75161491E+09 3.82161284E+09 4.73235969E+09 5.91273864E+09 9.30910865E+09
 1.45113342E+10 2.21242208E+10 3.62541084E+10 5.37120594E+10 7.61489483E+10
 1.04826637E+11 1.40855013E+11 1.85248098E+11 2.10872531E+11 2.25715426E+11
 2.38932815E+11 2.58848054E+11 2.83587476E+11 3.04989464E+11 3.34083904E+11
 3.88454618E+11 4.60119920E+11 6.45113325E+11 7.90336694E+11 8.80282826E+11
 1.03690375E+12 1.53496047E+12 2.79326592E+12 4.60349590E+12 7.35358937E+12
 1.11286805E+13 2.17794957E+13 3.66594402E+13 5.57744955E+13 7.91517890E+13
 1.06773992E+14 1.38612349E+14 3.60841324E+14 6.85315007E+14 1.10875607E+15
 1.62810203E+15 2.94399736E+15 6.62538044E+15 1.16192655E+16 1.78463786E+16
 3.84373622E+16 9.91353536E+16 2.33459519E+17 4.84114904E+17 1.20071849E+18
 4.05652198E+18 1.98677904E+19 6.53186204E+19 2.13122290E+20 0.00000000E+00
 4.68685490E+05 9.09775224E+05 2.17875090E+06 4.20546535E+06 8.09405962E+06
 1.91386400E+07 3.65387689E+07 6.94528181E+07 1.60989427E+08 3.01583710E+08
 4.33517852E+08 6.80947921E+08 1.02480619E+09 1.44935379E+09 2.22337280E+09
 3.10155251E+09 4.69170552E+09 6.88722847E+09 9.73950145E+09 1.58055258E+10
 2.00400349E+10 2.46948318E+10 3.54463346E+10 4.84253375E+10 6.40583431E+10
 9.42971969E+10 1.27255750E+11 1.64300779E+11 2.06779605E+11 2.56044753E+11
 3.13388844E+11 3.45480363E+11 3.63833278E+11 3.80053733E+11 4.04800726E+11
 4.35148128E+11 4.61075189E+11 4.95877173E+11 5.59711807E+11 6.41899001E+11
 8.65379741E+11 1.04738920E+12 1.16142783E+12 1.32913776E+12 1.86085863E+12
 3.19750823E+12 5.07945902E+12 7.89644262E+12 1.17348873E+13 2.25050887E+13
 3.74979875E+13 5.67218320E+13 8.02050202E+13 1.07930990E+14 1.39871486E+14
 3.62595317E+14 6.87547669E+14 1.11145694E+15 1.63126292E+15 2.94805779E+15
 6.63117166E+15 1.16267070E+16 1.78553971E+16 3.84500326E+16 9.91542514E+16
 2.33485616E+17 4.84147690E+17 1.20075849E+18 4.05656499E+18 1.98678231E+19
 6.53186413E+19 2.13122299E+20 0.00000000E+00 7.13598170E+05 1.38465193E+06
 3.31407935E+06 6.39389750E+06 1.23006496E+07 2.90730866E+07 5.55105806E+07
 1.05602666E+08 2.45557658E+08 4.62342064E+08 6.67667860E+08 1.05733210E+09
 1.60813697E+09 2.30193350E+09 3.60266965E+09 5.12857288E+09 8.00259595E+09
 1.21281750E+10 1.75971751E+10 2.91100538E+10 3.69077441E+10 4.52470718E+10
 6.36985873E+10 8.47435658E+10 1.08702530E+11 1.55937703E+11 2.05764164E+11
 2.59126922E+11 3.17243982E+11 3.81531583E+11 4.53473078E+11 4.92751365E+11
 5.14972645E+11 5.34490625E+11 5.64043414E+11 5.99975968E+11 6.30407833E+11
 6.70893837E+11 7.44160425E+11 8.36845521E+11 1.09882378E+12 1.31780385E+12
 1.45616306E+12 1.63509797E+12 2.20100541E+12 3.61778524E+12 5.57359410E+12
 8.45968079E+12 1.23637053E+13 2.32575135E+13 3.83672641E+13 5.77035256E+13
 8.12960266E+13 1.09129027E+14 1.41174813E+14 3.64408495E+14 6.89854630E+14
 1.11424826E+15 1.63453188E+15 2.95226655E+15 6.63721448E+15 1.16345335E+16
 1.78649632E+16 3.84637731E+16 9.91756705E+16 2.33517094E+17 4.84190296E+17
 1.20081737E+18 4.05664360E+18 1.98679036E+19 6.53187028E+19 2.13122337E+20
 0.00000000E+00 9.91313646E+05 1.92353432E+06 4.60355974E+06 8.88075320E+06
 1.70825470E+07 4.03682270E+07 7.70748400E+07 1.46655967E+08 3.41412327E+08
 6.44161422E+08 9.32089706E+08 1.48143191E+09 2.26388370E+09 3.25830728E+09
 5.14509935E+09 7.38916334E+09 1.16803277E+10 1.79237271E+10 2.62421064E+10
 4.36193424E+10 5.52114204E+10 6.74453819E+10 9.39683369E+10 1.23406454E+11
 1.56007239E+11 2.20959405E+11 2.88638859E+11 3.59595786E+11 4.34848595E+11
 5.15771281E+11 6.03900633E+11 6.51165990E+11 6.77677516E+11 7.00842590E+11
 7.35320152E+11 7.76978298E+11 8.12032044E+11 8.58350777E+11 9.41289401E+11
 1.04474001E+12 1.34623580E+12 1.60311827E+12 1.76639647E+12 1.95683712E+12
 2.55780926E+12 4.05691986E+12 6.08879400E+12 9.04616684E+12 1.30178404E+13
 2.40391387E+13 3.92692528E+13 5.87211300E+13 8.24258888E+13 1.10368660E+14
 1.42522316E+14 3.66277182E+14 6.92227157E+14 1.11711484E+15 1.63788589E+15
 2.95658109E+15 6.64341171E+15 1.16425748E+16 1.78748169E+16 3.84780376E+16
 9.91983028E+16 2.33551270E+17 4.84238203E+17 1.20088795E+18 4.05675082E+18
 1.98680417E+19 6.53188279E+19 2.13122427E+20 0.00000000E+00 1.29803910E+06
 2.51921659E+06 6.03057689E+06 1.16350863E+07 2.23826574E+07 5.28962546E+07
 1.00997344E+08 1.92193750E+08 4.47647887E+08 8.45424360E+08 1.22449909E+09
 1.94973047E+09 2.98677405E+09 4.31082878E+09 6.83875327E+09 9.86614274E+09
 1.56973901E+10 2.42311874E+10 3.56144939E+10 5.92451725E+10 7.48516884E+10
 9.11852527E+10 1.26149105E+11 1.64315861E+11 2.05871906E+11 2.89199955E+11
 3.75517673E+11 4.65053226E+11 5.58622084E+11 6.57509422E+11 7.63248284E+11
 8.19215112E+11 8.50397926E+11 8.77533574E+11 9.17103138E+11 9.64685054E+11
 1.00450614E+12 1.05684739E+12 1.14984076E+12 1.26450865E+12 1.60706079E+12
 1.90327069E+12 2.09240461E+12 2.29477588E+12 2.93206143E+12 4.51629973E+12
 6.62675384E+12 9.65766567E+12 1.36991555E+13 2.48517473E+13 4.02056439E+13
 5.97762151E+13 8.35960356E+13 1.11651160E+14 1.43915092E+14 3.68201323E+14
 6.94663573E+14 1.12005291E+15 1.64131857E+15 2.96098834E+15 6.64973152E+15
 1.16507730E+16 1.78848676E+16 3.84926267E+16 9.92216331E+16 2.33586978E+17
 4.84289182E+17 1.20096575E+18 4.05687856E+18 1.98682355E+19 6.53190312E+19
 2.13122591E+20 0.00000000E+00 1.98715565E+06 3.85933003E+06 9.24677770E+06
 1.78512661E+07 3.43607574E+07 8.12523562E+07 1.55194023E+08 2.95416826E+08
 6.88423815E+08 1.30120036E+09 1.88615904E+09 3.00790137E+09 4.61756763E+09
 6.68126794E+09 1.06431482E+10 1.54166597E+10 2.46666022E+10 3.82565691E+10
 5.63616871E+10 9.35806678E+10 1.17835540E+11 1.42950543E+11 1.95872328E+11
 2.52475203E+11 3.12871456E+11 4.34768180E+11 5.60348570E+11 6.89353972E+11
 8.22251738E+11 9.60125402E+11 1.10445598E+12 1.17957489E+12 1.22107212E+12
 1.25697309E+12 1.30717774E+12 1.36716647E+12 1.41706860E+12 1.48217675E+12
 1.59641184E+12 1.73478408E+12 2.16454935E+12 2.54476281E+12 2.78910945E+12
 3.01694264E+12 3.73164425E+12 5.49676383E+12 7.77333820E+12 1.09591810E+13
 1.51471850E+13 2.65744883E+13 4.21863659E+13 6.20035665E+13 8.60618446E+13
 1.14349291E+14 1.46840822E+14 3.72218955E+14 6.99728917E+14 1.12614144E+15
 1.64841425E+15 2.97006567E+15 6.66269562E+15 1.16675579E+16 1.79054273E+16
 3.85224740E+16 9.92695605E+16 2.33661003E+17 4.84396309E+17 1.20113385E+18
 4.05717317E+18 1.98687579E+19 6.53196820E+19 2.13123224E+20 0.00000000E+00
 2.76281667E+06 5.37030566E+06 1.28815902E+07 2.48902199E+07 4.79480934E+07
 1.13494895E+08 2.16914897E+08 4.13117840E+08 9.63206166E+08 1.82130615E+09
 2.64087757E+09 4.21376471E+09 6.47358790E+09 9.37510796E+09 1.49565780E+10
 2.16954706E+10 3.47772210E+10 5.40025593E+10 7.95518202E+10 1.31685522E+11
 1.65356682E+11 1.99980045E+11 2.72215061E+11 3.48509366E+11 4.28934366E+11
 5.91679728E+11 7.58836255E+11 9.29813782E+11 1.10483222E+12 1.28482031E+12
 1.47117385E+12 1.56726399E+12 1.62007887E+12 1.66561678E+12 1.72703503E+12
 1.80013263E+12 1.86067840E+12 1.93928230E+12 2.07603418E+12 2.23962567E+12
 2.76310929E+12 3.23413390E+12 3.53856747E+12 3.79415176E+12 4.59326279E+12
 6.55584785E+12 9.01288845E+12 1.23659827E+13 1.67111005E+13 2.84310150E+13
 4.43156591E+13 6.43922736E+13 8.87003924E+13 1.17230467E+14 1.49958850E+14
 3.76467735E+14 7.05055320E+14 1.13251600E+15 1.65581778E+15 2.97949347E+15
 6.67606978E+15 1.16848123E+16 1.79265163E+16 3.85530149E+16 9.93186134E+16
 2.33737101E+17 4.84507331E+17 1.20131125E+18 4.05749856E+18 1.98694075E+19
 6.53206185E+19 2.13124316E+20 0.00000000E+00 5.49160874E+06 1.07025548E+07
 2.57650280E+07 4.99253182E+07 9.64480636E+07 2.29144615E+08 4.39092184E+08
 8.38180962E+08 1.95901060E+09 3.70906612E+09 5.38128215E+09 8.59181367E+09
 1.32066081E+10 1.91351745E+10 3.05471215E+10 4.43306573E+10 7.10686006E+10
 1.10230817E+11 1.61898470E+11 2.65767902E+11 3.31754893E+11 3.98795878E+11
 5.36309830E+11 6.78548146E+11 8.25573201E+11 1.12323738E+12 1.42711294E+12
 1.73613298E+12 2.05011673E+12 2.36976277E+12 2.69633133E+12 2.86273994E+12
 2.95358409E+12 3.03155275E+12 3.12905737E+12 3.24445065E+12 3.33941123E+12
 3.46176131E+12 3.67183184E+12 3.91791524E+12 4.75073981E+12 5.52656709E+12
 6.03466963E+12 6.38496687E+12 7.47499841E+12 1.01274921E+13 1.32210460E+13
 1.71636480E+13 2.20588563E+13 3.47893203E+13 5.15991076E+13 7.25429546E+13
 9.76771462E+13 1.27002745E+14 1.60503034E+14 3.90645095E+14 7.22648921E+14
 1.15340312E+15 1.67991920E+15 3.00986877E+15 6.71862855E+15 1.17392833E+16
 1.79927327E+16 3.86481509E+16 9.94704905E+16 2.33972460E+17 4.84851842E+17
 1.20186803E+18 4.05855554E+18 1.98717435E+19 6.53245164E+19 2.13129992E+20
 0.00000000E+00 7.56658247E+06 1.47703421E+07 3.56384281E+07 6.91816459E+07
 1.33901989E+08 3.18924616E+08 6.12287113E+08 1.17086650E+09 2.74208990E+09
 5.19785285E+09 7.54518417E+09 1.20523046E+10 1.85304186E+10 2.68504669E+10
 4.28580149E+10 6.21770620E+10 9.95998280E+10 1.54271396E+11 2.26124768E+11
 3.69619289E+11 4.60158563E+11 5.51699762E+11 7.38211031E+11 9.29580799E+11
 1.12591210E+12 1.52284990E+12 1.92675567E+12 2.33646719E+12 2.75178123E+12
 3.17330004E+12 3.60232215E+12 3.82016494E+12 3.93885212E+12 4.04057835E+12
 4.16372672E+12 4.30921830E+12 4.42870384E+12 4.58226927E+12 4.84474401E+12
 5.14993450E+12 6.20590030E+12 7.20422838E+12 7.86255688E+12 8.28311958E+12
 9.59059039E+12 1.27688212E+13 1.63581373E+13 2.07656357E+13 2.60974067E+13
 3.96273057E+13 5.71602401E+13 7.87715257E+13 1.04532347E+14 1.34453974E+14
 1.68526818E+14 4.01312164E+14 7.35752507E+14 1.16883275E+15 1.69760076E+15
 3.03191276E+15 6.74907067E+15 1.17778733E+16 1.80393257E+16 3.87143829E+16
 9.95751602E+16 2.34133739E+17 4.85087478E+17 1.20224978E+18 4.05929086E+18
 1.98734549E+19 6.53276113E+19 2.13135142E+20 0.00000000E+00 1.33611931E+07
 2.61727622E+07 6.34617876E+07 1.23680538E+08 2.40383472E+08 5.75860651E+08
 1.11048272E+09 2.13291045E+09 5.02225101E+09 9.55314223E+09 1.38908607E+10
 2.22261482E+10 3.42091888E+10 4.95945740E+10 7.91644523E+10 1.14788467E+11
 1.83588242E+11 2.83597676E+11 4.14144759E+11 6.71994138E+11 8.32915865E+11
 9.94364350E+11 1.31989176E+12 1.64973502E+12 1.98435762E+12 2.65786744E+12
 3.33881103E+12 4.02623812E+12 4.72007686E+12 5.42110565E+12 6.13078979E+12
 6.48946127E+12 6.68434532E+12 6.85107195E+12 7.04288360E+12 7.26899504E+12
 7.45418389E+12 7.69140626E+12 8.09444005E+12 8.55831528E+12 1.02146491E+13
 1.18145752E+13 1.28816435E+13 1.34941721E+13 1.53990982E+13 2.00456852E+13
 2.50535720E+13 3.08194651E+13 3.74481109E+13 5.33929030E+13 7.31294540E+13
 9.67698241E+13 1.24419080E+14 1.56116048E+14 1.91873418E+14 4.32204580E+14
 7.73377215E+14 1.21276484E+15 1.74757652E+15 3.09346348E+15 6.83260352E+15
 1.18825266E+16 1.81645909E+16 3.88899113E+16 9.98484342E+16 2.34550455E+17
 4.85692532E+17 1.20322601E+18 4.06117527E+18 1.98779389E+19 6.53360661E+19
 2.13150372E+20 0.00000000E+00 1.97297741E+07 3.87575258E+07 9.43536089E+07
 1.84487608E+08 3.59810377E+08 8.66178798E+08 1.67686997E+09 3.23366747E+09
 7.65374986E+09 1.46118118E+10 2.12870096E+10 3.41317821E+10 5.26150428E+10
 7.63537771E+10 1.21965945E+11 1.76864934E+11 2.82690494E+11 4.36030836E+11
 6.35327901E+11 1.02631292E+12 1.26869362E+12 1.51075372E+12 1.99575819E+12
 2.48355227E+12 2.97515155E+12 3.96079428E+12 4.95247232E+12 5.94993582E+12
 6.95357283E+12 7.96454572E+12 8.98462860E+12 9.49878456E+12 9.77773403E+12
 1.00161305E+13 1.02823572E+13 1.05958294E+13 1.08522219E+13 1.11800947E+13
 1.17353659E+13 1.23710604E+13 1.46774496E+13 1.69296498E+13 1.84406394E+13
 1.92620781E+13 2.18195100E+13 2.80863731E+13 3.46868022E+13 4.20082261E+13
 5.01480765E+13 6.89745241E+13 9.14040832E+13 1.17560065E+14 1.47564012E+14
 1.81475887E+14 2.19326017E+14 4.68806366E+14 8.17805290E+14 1.26431538E+15
 1.80582812E+15 3.16433527E+15 6.92697745E+15 1.19991498E+16 1.83027246E+16
 3.90800383E+16 1.00138626E+17 2.34986430E+17 4.86319220E+17 1.20422820E+18
 4.06309991E+18 1.98825552E+19 6.53449706E+19 2.13167190E+20 0.00000000E+00
 2.64486707E+07 5.20768831E+07 1.27200061E+08 2.49384199E+08 4.87804877E+08
 1.17918758E+09 2.29052233E+09 4.43261068E+09 1.05414468E+10 2.01951292E+10
 2.94776627E+10 4.73694861E+10 7.31498147E+10 1.06286364E+11 1.69974879E+11
 2.46610964E+11 3.94187290E+11 6.07593410E+11 8.84170446E+11 1.42429513E+12
 1.75763742E+12 2.08949817E+12 2.75162074E+12 3.41421689E+12 4.07898840E+12
 5.40765594E+12 6.73942047E+12 8.07508421E+12 9.41571512E+12 1.07629686E+13
 1.21191120E+13 1.28013049E+13 1.31710405E+13 1.34867995E+13 1.38325942E+13
 1.42394513E+13 1.45719327E+13 1.49966478E+13 1.57144982E+13 1.65335886E+13
 1.95329088E+13 2.24794542E+13 2.44631943E+13 2.55071357E+13 2.87595731E+13
 3.67580824E+13 4.50734719E+13 5.40848181E+13 6.38840618E+13 8.59242065E+13
 1.11416113E+14 1.40479534E+14 1.73242481E+14 2.09772058E+14 2.50110342E+14
 5.10478127E+14 8.68607240E+14 1.32322261E+15 1.87220767E+15 3.24451631E+15
 7.03232092E+15 1.21279546E+16 1.84540405E+16 3.92851423E+16 1.00446238E+17
 2.35442178E+17 4.86967810E+17 1.20525530E+18 4.06505611E+18 1.98872386E+19
 6.53540700E+19 2.13184705E+20 0.00000000E+00 3.33856538E+07 6.58628793E+07
 1.61319404E+08 3.16998724E+08 6.21594043E+08 1.50795016E+09 2.93767049E+09
 5.70257308E+09 1.36197212E+10 2.61775428E+10 3.82803775E+10 6.16500229E+10
 9.53766085E+10 1.38772345E+11 2.22237481E+11 3.22688946E+11 5.16048042E+11
 7.95316428E+11 1.15656308E+12 1.85980301E+12 2.29243000E+12 2.72214996E+12
 3.57694084E+12 4.42922998E+12 5.28154274E+12 6.98072445E+12 8.67871942E+12
 1.03776614E+13 1.20794965E+13 1.37865667E+13 1.55015773E+13 1.63630377E+13
 1.68295348E+13 1.72277119E+13 1.76577839E+13 1.81635282E+13 1.85765439E+13
 1.91037268E+13 1.99935615E+13 2.10065616E+13 2.47374217E+13 2.84157002E+13
 3.08971132E+13 3.21752578E+13 3.61594756E+13 4.59825897E+13 5.61098866E+13
 6.69141818E+13 7.84839792E+13 1.03985178E+14 1.32817034E+14 1.65093524E+14
 2.00938799E+14 2.40422982E+14 2.83592457E+14 5.56512405E+14 9.25175535E+14
 1.38901826E+15 1.94637266E+15 3.33383676E+15 7.14863800E+15 1.22690318E+16
 1.86186394E+16 3.95055212E+16 1.00771669E+17 2.35918228E+17 4.87638894E+17
 1.20630774E+18 4.06704224E+18 1.98919690E+19 6.53632774E+19 2.13202581E+20
 0.00000000E+00 4.76186518E+07 9.42223422E+07 2.31780626E+08 4.57104417E+08
 8.99814807E+08 2.19536249E+09 4.29712119E+09 8.38449474E+09 2.01710404E+10
 3.89917398E+10 5.72106187E+10 9.25169182E+10 1.43643338E+11 2.09593095E+11
 3.36695864E+11 4.89857735E+11 7.84755317E+11 1.21030438E+12 1.75963722E+12
 2.82482170E+12 3.47742118E+12 4.12375465E+12 5.40419853E+12 6.67466225E+12
 7.93957117E+12 1.04517742E+13 1.29509799E+13 1.54426483E+13 1.79309248E+13
 2.04196483E+13 2.29128958E+13 2.41624858E+13 2.48383539E+13 2.54147820E+13
 2.60260615E+13 2.67443549E+13 2.73304432E+13 2.80777587E+13 2.93367481E+13
 3.07656444E+13 3.60636074E+13 4.13059095E+13 4.48496517E+13 4.66273241E+13
 5.21707060E+13 6.58791177E+13 7.98686622E+13 9.45054443E+13 1.09874148E+14
 1.42850224E+14 1.78978846E+14 2.18355552E+14 2.61094341E+14 3.07261846E+14
 3.56903793E+14 6.59204993E+14 1.05304254E+15 1.53892729E+15 2.11606456E+15
 3.53858972E+15 7.41369336E+15 1.25879248E+16 1.89879338E+16 3.99925705E+16
 1.01477151E+17 2.36932890E+17 4.89050686E+17 1.20849113E+18 4.07110517E+18
 1.99015473E+19 6.53818921E+19 2.13238898E+20 0.00000000E+00 6.20719770E+07
 1.23085654E+08 3.03737809E+08 6.00592511E+08 1.18572518E+09 2.90540891E+09
 5.70771453E+09 1.11813924E+10 2.70569613E+10 5.25517301E+10 7.73279874E+10
 1.25505775E+11 1.95502847E+11 2.86039985E+11 4.60954605E+11 6.72117973E+11
 1.07917383E+12 1.66674539E+12 2.42471397E+12 3.89164548E+12 4.78825965E+12
 5.67473057E+12 7.42650023E+12 9.15933126E+12 1.08797910E+13 1.42877406E+13
 1.76674950E+13 2.10285014E+13 2.43774270E+13 2.77200775E+13 3.10618503E+13
 3.27340853E+13 3.36378087E+13 3.44081437E+13 3.52156211E+13 3.61639657E+13
 3.69373061E+13 3.79227087E+13 3.95808039E+13 4.14590430E+13 4.84467960E+13
 5.53720074E+13 6.00565083E+13 6.23701949E+13 6.95856921E+13 8.74535585E+13
 1.05574039E+14 1.24313572E+14 1.43753402E+14 1.84779856E+14 2.28819190E+14
 2.75959901E+14 3.26306956E+14 3.79920289E+14 4.36841309E+14 7.73025219E+14
 1.19682276E+15 1.70935536E+15 2.31047502E+15 3.77510388E+15 7.72035194E+15
 1.29550157E+16 1.94103970E+16 4.05418003E+16 1.02256594E+17 2.38032989E+17
 4.90558074E+17 1.21078308E+18 4.07529349E+18 1.99112743E+19 6.54007029E+19
 2.13275629E+20 0.00000000E+00 1.05642838E+08 2.10262791E+08 5.21731790E+08
 1.03652458E+09 2.05713268E+09 5.08055419E+09 1.00495313E+10 1.98387442E+10
 4.85663138E+10 9.52651325E+10 1.41048221E+11 2.30796771E+11 3.62304892E+11
 5.33654881E+11 8.67155428E+11 1.27235194E+12 2.05764462E+12 3.19569740E+12
 4.66631709E+12 7.51090832E+12 9.24606816E+12 1.09580912E+13 1.43306825E+13
 1.76527312E+13 2.09378329E+13 2.74182441E+13 3.38125315E+13 4.01437766E+13
 4.64279003E+13 5.26770164E+13 5.89017741E+13 6.20079747E+13 6.36841686E+13
 6.51115683E+13 6.65807661E+13 6.83047209E+13 6.97091302E+13 7.14966074E+13
 7.44983862E+13 7.78882621E+13 9.05496483E+13 1.03108003E+14 1.11603892E+14
 1.15706337E+14 1.28492751E+14 1.60181502E+14 1.91992107E+14 2.24309732E+14
 2.57226638E+14 3.24925956E+14 3.95286768E+14 4.68402975E+14 5.44384861E+14
 6.23286518E+14 7.05143345E+14 1.16057682E+15 1.69452354E+15 2.30855247E+15
 3.00332253E+15 4.63539632E+15 8.85838335E+15 1.43236082E+16 2.09822049E+16
 4.25585513E+16 1.05044151E+17 2.41858779E+17 4.95674648E+17 1.21834260E+18
 4.08866123E+18 1.99413910E+19 6.54581715E+19 2.13387225E+20 0.00000000E+00
 1.34583458E+08 2.68211010E+08 6.66825428E+08 1.32704524E+09 2.63872416E+09
 6.53639695E+09 1.29628299E+10 2.56669677E+10 6.31277699E+10 1.24341979E+11
 1.84593822E+11 3.03153856E+11 4.77611609E+11 7.05801922E+11 1.15179544E+12
 1.69579647E+12 2.75409521E+12 4.29302462E+12 6.28633871E+12 1.01480900E+13
 1.25048361E+13 1.48300163E+13 1.94085036E+13 2.39146489E+13 2.83663528E+13
 3.71384923E+13 4.57809991E+13 5.43264004E+13 6.27968749E+13 7.12093436E+13
 7.95779280E+13 8.37496677E+13 8.59997691E+13 8.79152064E+13 8.98743837E+13
 9.21725022E+13 9.40439942E+13 9.64249834E+13 1.00420625E+14 1.04928038E+14
 1.21778949E+14 1.38489195E+14 1.49789545E+14 1.55207213E+14 1.72086560E+14
 2.13905386E+14 2.55726349E+14 2.97954962E+14 3.40699524E+14 4.27838283E+14
 5.17386587E+14 6.09475844E+14 7.04225410E+14 8.01706598E+14 9.01957327E+14
 1.44664546E+15 2.06534909E+15 2.75965898E+15 3.53035239E+15 5.30214512E+15
 9.76394516E+15 1.54282312E+16 2.22591116E+16 4.41976494E+16 1.07274694E+17
 2.44852549E+17 4.99592166E+17 1.22397207E+18 4.09827854E+18 1.99623096E+19
 6.54973907E+19 2.13462216E+20 0.00000000E+00 2.11719745E+08 4.23325472E+08
 1.02723367E+09 2.10648832E+09 4.22416652E+09 1.01570346E+10 2.02146282E+10
 4.01910819E+10 9.95005251E+10 1.97159738E+11 2.93856836E+11 4.85269638E+11
 7.68845341E+11 1.14219844E+12 1.87736159E+12 2.78080900E+12 4.55198825E+12
 7.14763912E+12 1.05308118E+13 1.71216705E+13 2.11568530E+13 2.51434120E+13
 3.30013192E+13 4.07387507E+13 4.83820383E+13 6.34390527E+13 7.82601506E+13
 9.28984377E+13 1.07390009E+14 1.21762606E+14 1.36038553E+14 1.43146450E+14
 1.46977419E+14 1.50237138E+14 1.53543870E+14 1.57421136E+14 1.60577153E+14
 1.64590309E+14 1.71319121E+14 1.78899492E+14 2.07265273E+14 2.35378070E+14
 2.54377790E+14 2.63404627E+14 2.91507008E+14 3.61072341E+14 4.30267330E+14
 4.99566331E+14 5.69122791E+14 7.09232317E+14 8.51038329E+14 9.94777863E+14
 1.14065729E+15 1.28877800E+15 1.43924538E+15 2.22906543E+15 3.08389824E+15
 4.00574791E+15 4.99562535E+15 7.18154734E+15 1.23831628E+16 1.86880868E+16
 2.60820654E+16 4.91955129E+16 1.14094081E+17 2.53875830E+17 5.11178021E+17
 1.24016867E+18 4.12491709E+18 2.00178159E+19 6.55990158E+19 2.13654189E+20
 0.00000000E+00 3.52950784E+08 7.05860679E+08 1.76428759E+09 3.52756705E+09
 7.05209177E+09 1.76150907E+10 3.45766381E+10 6.89575677E+10 1.71571113E+11
 3.41555587E+11 5.10686319E+11 8.47159493E+11 1.34861279E+12 2.01275217E+12
 3.32992308E+12 4.96100887E+12 8.18644850E+12 1.29588827E+13 1.92341336E+13
 3.15733433E+13 3.91782249E+13 4.67181601E+13 6.16373841E+13 7.63814690E+13
 9.09820643E+13 1.19824009E+14 1.48279127E+14 1.76421026E+14 2.04301522E+14
 2.31961827E+14 2.59434398E+14 2.73109457E+14 2.80478556E+14 2.86747887E+14
 2.93067554E+14 3.00476616E+14 3.06506311E+14 3.14171906E+14 3.27019763E+14
 3.41483077E+14 3.95663642E+14 4.49371064E+14 4.85660019E+14 5.02793841E+14
 5.56116950E+14 6.88055827E+14 8.18808334E+14 9.48976153E+14 1.07880382E+15
 1.33795628E+15 1.59713347E+15 1.85685722E+15 2.11752311E+15 2.37939791E+15
 2.64265983E+15 3.98486122E+15 5.37624276E+15 6.82130017E+15 8.32226032E+15
 1.14963472E+16 1.85479111E+16 2.65484749E+16 3.55000149E+16 6.20088502E+16
 1.32232898E+17 2.78065739E+17 5.41852607E+17 1.28173238E+18 4.18972303E+18
 2.01436428E+19 6.58193376E+19 2.14056783E+20 0.00000000E+00 5.64684373E+08
 1.12943354E+09 2.82357800E+09 5.64670568E+09 1.12915150E+10 2.82175209E+10
 5.64078642E+10 1.11741117E+11 2.78687542E+11 5.56059289E+11 8.32709123E+11
 1.38446611E+12 2.20928442E+12 3.30514326E+12 5.48702681E+12 8.20061585E+12
 1.35944624E+13 2.16241757E+13 3.22470531E+13 5.32847737E+13 6.63247710E+13
 7.92968131E+13 1.05068505E+14 1.30646054E+14 1.56059814E+14 2.06463180E+14
 2.56394202E+14 3.05927278E+14 3.55118464E+14 4.04013375E+14 4.52648472E+14
 4.76878664E+14 4.89940494E+14 5.01055437E+14 5.12224566E+14 5.25322001E+14
 5.35983123E+14 5.49538746E+14 5.72262048E+14 5.97845456E+14 6.93843715E+14
 7.89143148E+14 8.53600676E+14 8.83959079E+14 9.78481919E+14 1.21265768E+15
 1.44466433E+15 1.67522308E+15 1.90466645E+15 2.36102484E+15 2.81506108E+15
 3.26763461E+15 3.71939465E+15 4.17077995E+15 4.62215920E+15 6.88748691E+15
 9.17902071E+15 1.15060876E+16 1.38737686E+16 1.87413331E+16 2.90428346E+16
 4.01317357E+16 5.20243807E+16 8.53052189E+16 1.67015417E+17 3.26455241E+17
 6.04385231E+17 1.36609928E+18 4.31609097E+18 2.03715214E+19 6.61968913E+19
 2.14714960E+20 0.00000000E+00 8.46868710E+08 1.69393706E+09 4.23529105E+09
 8.47084497E+09 1.69412477E+10 4.23467676E+10 8.46740330E+10 1.69287385E+11
 4.20777410E+11 8.40467571E+11 1.25954487E+12 2.09635545E+12 3.34913141E+12
 5.01608560E+12 8.34134645E+12 1.24857524E+13 2.07448115E+13 3.30788662E+13
 4.94486308E+13 8.19989376E+13 1.02241498E+14 1.22420906E+14 1.62615703E+14
 2.02624561E+14 2.42471560E+14 3.21742985E+14 4.00531113E+14 4.78903985E+14
 5.56913648E+14 6.34601516E+14 7.12003582E+14 7.50606743E+14 7.71427413E+14
 7.89150194E+14 8.06932186E+14 8.27790580E+14 8.44774114E+14 8.66374423E+14
 9.02595614E+14 9.43391985E+14 1.09672305E+15 1.24924566E+15 1.35254594E+15
 1.40116449E+15 1.55267376E+15 1.92882248E+15 2.30211360E+15 2.67330421E+15
 3.04273776E+15 3.77735173E+15 4.50750558E+15 5.23424889E+15 5.95840666E+15
 6.68058755E+15 7.40126452E+15 1.09936245E+16 1.45855937E+16 1.81918601E+16
 2.18205216E+16 2.91643399E+16 4.42682430E+16 5.99936645E+16 7.63786172E+16
 1.20331042E+17 2.21307743E+17 4.05414331E+17 7.10378050E+17 1.51377594E+18
 4.53717162E+18 2.07500365E+19 6.67930701E+19 2.15703973E+20 0.00000000E+00
 1.41097885E+09 2.82240945E+09 7.05733777E+09 1.41162894E+10 2.82349110E+10
 7.05903440E+10 1.41175911E+11 2.82321061E+11 7.05592137E+11 1.41065517E+12
 2.11017639E+12 3.51470377E+12 5.61946281E+12 8.42297013E+12 1.40226772E+13
 2.10119746E+13 3.49650334E+13 5.58475375E+13 8.36258314E+13 1.39017041E+14
 1.73549026E+14 2.08024625E+14 2.76831273E+14 3.45472456E+14 4.13968706E+14
 5.50572394E+14 6.86730838E+14 8.22497671E+14 9.57918511E+14 1.09302693E+15
 1.22786122E+15 1.29518418E+15 1.33151431E+15 1.36244900E+15 1.39345184E+15
 1.42982969E+15 1.45945727E+15 1.49714980E+15 1.56038660E+15 1.63164841E+15
 1.89992959E+15 2.16738306E+15 2.34882300E+15 2.43420785E+15 2.70058633E+15
 3.36370305E+15 4.02360914E+15 4.68102037E+15 5.33628747E+15 6.64123810E+15
 7.93998941E+15 9.23360497E+15 1.05229443E+16 1.18086455E+16 1.30912124E+16
 1.94706147E+16 2.58160995E+16 3.21463683E+16 3.84732428E+16 5.11439538E+16
 7.66707486E+16 1.02563853E+17 1.28900149E+17 1.96921495E+17 3.43121103E+17
 5.88959682E+17 9.66792712E+17 1.89129322E+18 5.13281138E+18 2.17588666E+19
 6.83099861E+19 2.18085413E+20 0.00000000E+00 2.11582183E+09 4.23239300E+09
 1.05833158E+10 2.11698269E+10 4.23453074E+10 1.05877566E+11 2.11767885E+11
 4.23540764E+11 1.05876419E+12 2.11718553E+12 3.17140582E+12 5.28394513E+12
 8.45108157E+12 1.26715325E+13 2.11061386E+13 3.16403542E+13 5.26864638E+13
 8.42141170E+13 1.26192836E+14 2.10002741E+14 2.62305561E+14 3.14558626E+14
 4.18933891E+14 5.23158323E+14 6.27252183E+14 8.35086850E+14 1.04251255E+15
 1.24957884E+15 1.45631832E+15 1.66277287E+15 1.86897280E+15 1.97198112E+15
 2.02758431E+15 2.07493798E+15 2.12236750E+15 2.17803038E+15 2.22337442E+15
 2.28107093E+15 2.37788332E+15 2.48700882E+15 2.89821784E+15 3.30864401E+15
 3.58732076E+15 3.71846967E+15 4.12788596E+15 5.14865259E+15 6.16625849E+15
 7.18137709E+15 8.19430472E+15 1.02143668E+16 1.22278101E+16 1.42356147E+16
 1.62385719E+16 1.82372876E+16 2.02321909E+16 3.01629698E+16 4.00419722E+16
 4.98879366E+16 5.97128419E+16 7.93306728E+16 1.18572143E+17 1.57967796E+17
 1.97617722E+17 2.98208276E+17 5.06985460E+17 8.41425308E+17 1.32908194E+18
 2.44951802E+18 6.07942236E+18 2.34482900E+19 7.08060110E+19 2.21834011E+20
 0.00000000E+00 3.52494856E+09 7.05119216E+09 1.76322074E+10 3.52706119E+10
 7.05530369E+10 1.76418080E+11 3.52882108E+11 7.05837588E+11 1.76473731E+12
 3.52949382E+12 5.29410568E+12 8.82290630E+12 1.41068685E+13 2.11700183E+13
 3.52521190E+13 5.29012858E+13 8.81365004E+13 1.40842830E+14 2.11158521E+14
 3.51663543E+14 4.39411685E+14 5.27115317E+14 7.02410329E+14 8.77575918E+14
 1.05262466E+15 1.40240399E+15 1.75181998E+15 2.10091045E+15 2.44970905E+15
 2.79824912E+15 3.14655401E+15 3.32062810E+15 3.41460925E+15 3.49465645E+15
 3.57479018E+15 3.66884614E+15 3.74547454E+15 3.84298899E+15 4.00664310E+15
 4.19114833E+15 4.88684640E+15 5.58183893E+15 6.05406000E+15 6.27629615E+15
 6.97038332E+15 8.70304131E+15 1.04327525E+16 1.21601242E+16 1.38854254E+16
 1.73304814E+16 2.07691038E+16 2.42020981E+16 2.76301968E+16 3.10539675E+16
 3.44737178E+16 5.15247667E+16 6.85147269E+16 8.54606742E+16 1.02373549E+17
 1.36128666E+17 2.03484029E+17 2.70781257E+17 3.38129623E+17 5.07129216E+17
 8.49532091E+17 1.37755538E+18 2.11240045E+18 3.69529687E+18 8.33114101E+18
 2.78856735E+19 7.75963266E+19 2.31856345E+20 0.00000000E+00 8.45410955E+09
 1.69111882E+10 4.22880222E+10 8.45915064E+10 1.69214078E+11 4.23137302E+11
 8.46425634E+11 1.69314281E+12 4.23374420E+12 8.46867236E+12 1.27039198E+13
 2.11748335E+13 3.38815913E+13 5.08240479E+13 8.47083268E+13 1.27061721E+14
 2.11761332E+14 3.38794356E+14 5.08145328E+14 8.46772865E+14 1.05837233E+15
 1.26966329E+15 1.69301225E+15 2.11598732E+15 2.53887968E+15 3.38355050E+15
 4.22855597E+15 5.07329280E+15 5.91780245E+15 6.76409954E+15 7.60618836E+15
 8.02816806E+15 8.25602999E+15 8.45012737E+15 8.64432690E+15 8.87228610E+15
 9.05802012E+15 9.29439928E+15 9.69116584E+15 1.01385569E+16 1.18263223E+16
 1.35134935E+16 1.46604504E+16 1.52002279E+16 1.68867133E+16 2.11006809E+16
 2.53120888E+16 2.95215025E+16 3.37291276E+16 4.21394165E+16 5.05440787E+16
 5.89436523E+16 6.73387174E+16 7.57297980E+16 8.41171740E+16 1.26008632E+17
 1.67839698E+17 2.09623937E+17 2.51370518E+17 3.34773804E+17 5.01324524E+17
 6.67655540E+17 8.33860344E+17 1.24915939E+18 2.08043700E+18 3.33257640E+18
 5.01660738E+18 8.44658632E+18 1.74394219E+19 4.83054782E+19 1.12785369E+20
 2.88139669E+20 0.00000000E+00 1.40849522E+10 2.81745464E+10 7.04522685E+10
 1.40929233E+11 2.81909348E+11 7.04943460E+11 1.41014593E+12 2.82080672E+12
 7.05368304E+12 1.41097712E+13 2.11666632E+13 3.52817869E+13 5.64562533E+13
 8.46906890E+13 1.41162773E+14 2.11755380E+14 3.52943495E+14 5.64724724E+14
 8.47091880E+14 1.41179250E+15 1.76470793E+15 2.11760616E+15 2.82335518E+15
 3.52904071E+15 4.23466712E+15 5.64573929E+15 7.05659367E+15 8.46627179E+15
 9.87768048E+15 1.12879772E+16 1.26965431E+16 1.34014606E+16 1.37820991E+16
 1.41063402E+16 1.44307037E+16 1.48114684E+16 1.51217060E+16 1.55165566E+16
 1.61802883E+16 1.69288198E+16 1.97463900E+16 2.25656387E+16 2.44824685E+16
 2.53845447E+16 2.82032099E+16 3.52479462E+16 4.22904327E+16 4.93313815E+16
 5.63702577E+16 7.04441333E+16 8.45126876E+16 9.85767418E+16 1.12636544E+17
 1.26692671E+17 1.40745390E+17 2.10966682E+17 2.81130489E+17 3.51249163E+17
 4.21331235E+17 5.61404671E+17 8.41284532E+17 1.12091365E+18 1.40037362E+18
 2.09860091E+18 3.49464566E+18 5.59084464E+18 8.39410389E+18 1.40408051E+19
 2.84508049E+19 7.46037309E+19 1.61856416E+20 3.75011506E+20 0.00000000E+00
 2.81569589E+10 5.63222078E+10 1.40834225E+11 2.81713553E+11 5.63521553E+11
 1.40912468E+12 2.81874872E+12 5.63851605E+12 1.40997013E+13 2.82045749E+13
 4.23113850E+13 7.05283722E+13 1.12858944E+14 1.69305546E+14 2.82210523E+14
 4.23355247E+14 7.05669900E+14 1.12917735E+15 1.69389014E+15 2.82337862E+15
 3.52933187E+15 4.23529368E+15 5.64723709E+15 7.05918407E+15 8.47112323E+15
 1.12949603E+16 1.41187067E+16 1.69423537E+16 1.97658995E+16 2.25893544E+16
 2.54127278E+16 2.68243837E+16 2.75866795E+16 2.82360265E+16 2.88850286E+16
 2.96468777E+16 3.02685838E+16 3.10598967E+16 3.23871090E+16 3.38836930E+16
 3.95309937E+16 4.51779738E+16 4.90177426E+16 5.08247586E+16 5.64714823E+16
 7.05868405E+16 8.47006131E+16 9.88131626E+16 1.12924373E+17 1.41136867E+17
 1.69358966E+17 1.97560392E+17 2.25778937E+17 2.53970500E+17 2.82171480E+17
 4.23139070E+17 5.64057835E+17 7.04937107E+17 8.45783328E+17 1.12739208E+18
 1.69035070E+18 2.25305552E+18 2.81557108E+18 4.22130606E+18 7.03154298E+18
 1.12465622E+19 1.68697260E+19 2.81368066E+19 5.64785353E+19 1.43397449E+20
 2.95371006E+20 6.27357716E+20 0.00000000E+00 7.03555997E+10 1.40728452E+11
 3.51881547E+11 7.03858849E+11 1.40792086E+12 3.52050172E+12 7.04211114E+12
 1.40865175E+13 3.52241701E+13 7.04606298E+13 1.05701939E+14 1.76193312E+14
 2.81944058E+14 4.22961509E+14 7.05031647E+14 1.05766083E+15 1.76300613E+15
 2.82115695E+15 4.23217847E+15 7.05454679E+15 8.81867811E+15 1.05828893E+16
 1.41114964E+16 1.76403048E+16 2.11692523E+16 2.82274433E+16 3.52859485E+16
 4.23446450E+16 4.94034974E+16 5.64624740E+16 6.35215612E+16 6.70512017E+16
 6.89571812E+16 7.05807974E+16 7.22045804E+16 7.41107723E+16 7.56639795E+16
 7.76408018E+16 8.09590047E+16 8.47008278E+16 9.88210774E+16 1.12941472E+17
 1.22543405E+17 1.27062082E+17 1.41182931E+17 1.76485210E+17 2.11787421E+17
 2.47089708E+17 2.82391809E+17 3.52995892E+17 4.23599113E+17 4.94201254E+17
 5.64802337E+17 6.35402356E+17 7.06001308E+17 1.05898116E+18 1.41192129E+18
 1.76485266E+18 2.11776544E+18 2.82354063E+18 4.23491901E+18 5.64620150E+18
 7.05728105E+18 1.05842693E+19 1.76371197E+19 2.82147980E+19 4.23181376E+19
 7.05316248E+19 1.41146831E+20 3.54022231E+20 7.12956635E+20 1.44795178E+21
 0.00000000E+00 1.40664284E+11 2.81358247E+11 7.03499498E+11 1.40716459E+12
 2.81468401E+12 7.03793459E+12 1.40778262E+13 2.81597518E+13 7.04135233E+13
 1.40849436E+14 2.11294500E+14 3.52200835E+14 5.63586303E+14 8.45466123E+14
 1.40929311E+15 2.11416213E+15 3.52407453E+15 5.63921865E+15 8.45974489E+15
 1.41015041E+16 1.76279336E+16 2.11545616E+16 2.82082606E+16 3.52624211E+16
 4.23169659E+16 5.64268869E+16 7.05376584E+16 8.46491266E+16 9.87611218E+16
 1.12873653E+17 1.26986455E+17 1.34043008E+17 1.37853595E+17 1.41099674E+17
 1.44345944E+17 1.48156802E+17 1.51261961E+17 1.55214004E+17 1.61847843E+17
 1.69328637E+17 1.97558599E+17 2.25789548E+17 2.44986800E+17 2.54021033E+17
 2.82253530E+17 3.52836684E+17 4.23422509E+17 4.94010397E+17 5.64600083E+17
 7.05783208E+17 8.46970796E+17 9.88162086E+17 1.12935523E+18 1.27054969E+18
 1.41174565E+18 2.11775128E+18 2.82377593E+18 3.52981109E+18 4.23585492E+18
 5.64794531E+18 8.47214393E+18 1.12963137E+19 1.41204309E+19 2.11806171E+19
 3.53003703E+19 5.64787520E+19 8.47172950E+19 1.41195840E+20 2.82444244E+20
 7.06828224E+20 1.41686987E+21 2.84855574E+21 3.02837900E+11 3.02837900E+11
 3.02409819E+11 3.01598550E+11 3.00724056E+11 2.99534916E+11 2.97283322E+11
 2.94859425E+11 2.91569144E+11 2.85358973E+11 2.78705332E+11 2.73781797E+11
 2.66228787E+11 2.57678642E+11 2.48829504E+11 2.35378660E+11 2.22577840E+11
 2.03357617E+11 1.82257777E+11 1.61218511E+11 1.30945774E+11 1.16506625E+11
 1.04249678E+11 8.42893268E+10 6.85553091E+10 5.57812380E+10 3.64054925E+10
 2.27556542E+10 1.31153724E+10 6.47961976E+09 2.20163387E+09-1.62886924E+08
-7.31188198E+08-8.84323032E+08-9.34180813E+08-9.10411008E+08-7.83637595E+08
-5.97498442E+08-2.47006982E+08 6.48957210E+08 2.17214213E+09 1.05867973E+10
 1.98373757E+10 2.59663922E+10 2.92028093E+10 4.47111389E+10 9.78239126E+10
 1.68034460E+11 2.55968532E+11 3.65064413E+11 6.38708584E+11 9.80694216E+11
 1.37468840E+12 1.81246925E+12 2.28476238E+12 2.78393237E+12 5.60512958E+12
 8.72580802E+12 1.20076918E+13 1.53808530E+13 2.22623690E+13 3.61592513E+13
 4.99507449E+13 6.35254844E+13 9.64542493E+13 1.58471864E+14 2.44412779E+14
 3.49931967E+14 5.41082465E+14 9.54487576E+14 1.95633520E+15 3.30359075E+15
 5.50880354E+15 3.04859419E+11 3.04859419E+11 3.03567191E+11 3.02746569E+11
 3.01865248E+11 3.00669494E+11 2.98409517E+11 2.95979629E+11 2.92683875E+11
 2.86468342E+11 2.79814341E+11 2.74893870E+11 2.67351078E+11 2.58820262E+11
 2.49998423E+11 2.36596941E+11 2.23841743E+11 2.04666824E+11 1.83568283E+11
 1.62478553E+11 1.32059050E+11 1.17526735E+11 1.05182356E+11 8.50687339E+10
 6.92161374E+10 5.63375584E+10 3.68093605E+10 2.30586231E+10 1.33493517E+10
 6.66485603E+09 2.35133056E+09-3.98798684E+07-6.19110402E+08-7.77628747E+08
-8.31766078E+08-8.12161957E+08-6.90118210E+08-5.07753627E+08-1.61869486E+08
 7.26697285E+08 2.24233426E+09 1.06344621E+10 1.98703136E+10 2.59923166E+10
 2.92261746E+10 4.47281709E+10 9.78324772E+10 1.68039257E+11 2.55971403E+11
 3.65066190E+11 6.38709250E+11 9.80694366E+11 1.37468827E+12 1.81246896E+12
 2.28476199E+12 2.78393190E+12 5.60512895E+12 8.72580735E+12 1.20076911E+13
 1.53808524E+13 2.22623683E+13 3.61592507E+13 4.99507443E+13 6.35254838E+13
 9.64542487E+13 1.58471863E+14 2.44412779E+14 3.49931967E+14 5.41082465E+14
 9.54487576E+14 1.95633520E+15 3.30359075E+15 5.50880354E+15 3.07005947E+11
 3.07005947E+11 3.04890060E+11 3.04048251E+11 3.03152115E+11 3.01942565E+11
 2.99665925E+11 2.97224631E+11 2.93918535E+11 2.87691173E+11 2.81030144E+11
 2.76106809E+11 2.68562750E+11 2.60035071E+11 2.51222367E+11 2.37848539E+11
 2.25136129E+11 2.06048664E+11 1.85055748E+11 1.64057131E+11 1.33719551E+11
 1.19202703E+11 1.06858739E+11 8.67191314E+10 7.08267559E+10 5.78877176E+10
 3.82307490E+10 2.43550902E+10 1.45311229E+10 7.74368921E+09 3.33842572E+09
 8.65335809E+08 2.48388462E+08 7.02844745E+07-8.27546959E+04 3.33174762E+06
 1.06204665E+08 2.72823417E+08 5.98660198E+08 1.45359917E+09 2.93194981E+09
 1.11932450E+10 2.03194429E+10 2.63793571E+10 2.95873652E+10 4.50202718E+10
 9.80112577E+10 1.68155949E+11 2.56052240E+11 3.65125045E+11 6.38744159E+11
 9.80717352E+11 1.37470448E+12 1.81248094E+12 2.28477114E+12 2.78393907E+12
 5.60513145E+12 8.72580818E+12 1.20076912E+13 1.53808519E+13 2.22623674E+13
 3.61592494E+13 4.99507429E+13 6.35254824E+13 9.64542473E+13 1.58471862E+14
 2.44412778E+14 3.49931965E+14 5.41082464E+14 9.54487575E+14 1.95633520E+15
 3.30359074E+15 5.50880354E+15 3.10966641E+11 3.10966641E+11 3.07568669E+11
 3.06654881E+11 3.05709099E+11 3.04453951E+11 3.02123234E+11 2.99645666E+11
 2.96307235E+11 2.90043252E+11 2.83359618E+11 2.78425559E+11 2.70871593E+11
 2.62340143E+11 2.53531160E+11 2.40178955E+11 2.27507600E+11 2.08520728E+11
 1.87679133E+11 1.66845262E+11 1.36716796E+11 1.22277278E+11 1.09985676E+11
 8.99042176E+10 7.40423858E+10 6.10923147E+10 4.13843348E+10 2.74396557E+10
 1.75390309E+10 1.06722737E+10 6.18740905E+09 3.63544985E+09 2.97944148E+09
 2.78031489E+09 2.69214892E+09 2.67745630E+09 2.75847939E+09 2.90677114E+09
 3.20876770E+09 4.02228182E+09 5.45246347E+09 1.35218337E+10 2.24510842E+10
 2.83793718E+10 3.15270298E+10 4.67789326E+10 9.93811647E+10 1.69228481E+11
 2.56902503E+11 3.65809322E+11 6.39207937E+11 9.81049192E+11 1.37495278E+12
 1.81267357E+12 2.28492501E+12 2.78406491E+12 5.60518960E+12 8.72584159E+12
 1.20077126E+13 1.53808664E+13 2.22623747E+13 3.61592509E+13 4.99507421E+13
 6.35254805E+13 9.64542442E+13 1.58471858E+14 2.44412774E+14 3.49931962E+14
 5.41082461E+14 9.54487572E+14 1.95633520E+15 3.30359074E+15 5.50880354E+15
 3.19117383E+11 3.19117383E+11 3.14040409E+11 3.12841444E+11 3.11700366E+11
 3.10267115E+11 3.07727236E+11 3.05110999E+11 3.01650312E+11 2.95249355E+11
 2.88480941E+11 2.83505248E+11 2.75908252E+11 2.67348285E+11 2.58526101E+11
 2.45180088E+11 2.32543717E+11 2.13666193E+11 1.93023363E+11 1.72449575E+11
 1.42731052E+11 1.28476433E+11 1.16328785E+11 9.64502379E+10 8.07284403E+10
 6.78288761E+10 4.81598150E+10 3.42129684E+10 2.42893240E+10 1.73881495E+10
 1.28623272E+10 1.02654329E+10 9.58591077E+09 9.37381113E+09 9.27453933E+09
 9.24850812E+09 9.31598998E+09 9.45292955E+09 9.74015988E+09 1.05276981E+10
 1.19271337E+10 1.98643134E+10 2.86390036E+10 3.44521305E+10 3.75436183E+10
 5.26130599E+10 1.04739245E+11 1.74117448E+11 2.61352624E+11 3.69859692E+11
 6.42578645E+11 9.83881008E+11 1.37735728E+12 1.81473657E+12 2.28671224E+12
 2.78562700E+12 5.60607578E+12 8.72641224E+12 1.20081117E+13 1.53811621E+13
 2.22625563E+13 3.61593391E+13 4.99507926E+13 6.35255117E+13 9.64542538E+13
 1.58471855E+14 2.44412765E+14 3.49931952E+14 5.41082450E+14 9.54487562E+14
 1.95633519E+15 3.30359074E+15 5.50880353E+15 3.43552008E+11 3.43552008E+11
 3.41164464E+11 3.37989524E+11 3.35500329E+11 3.32842350E+11 3.28871869E+11
 3.25313391E+11 3.21027504E+11 3.13709349E+11 3.06375849E+11 3.01120833E+11
 2.93226947E+11 2.84449450E+11 2.75485499E+11 2.62028545E+11 2.49372305E+11
 2.30589764E+11 2.10218997E+11 1.90085945E+11 1.61236286E+11 1.47452158E+11
 1.35711429E+11 1.16483739E+11 1.01203429E+11 8.84684733E+10 6.89720380E+10
 5.50973605E+10 4.51969141E+10 3.82929318E+10 3.37502433E+10 3.11291511E+10
 3.04360840E+10 3.02165556E+10 3.01106690E+10 3.00789196E+10 3.01410647E+10
 3.02748380E+10 3.05588367E+10 3.13431398E+10 3.27395567E+10 4.06628023E+10
 4.94000378E+10 5.51716945E+10 5.82386245E+10 7.32163480E+10 1.25029941E+11
 1.94021223E+11 2.80831385E+11 3.88896209E+11 6.60723174E+11 1.00115949E+12
 1.39381414E+12 1.83042197E+12 2.30167658E+12 2.79991862E+12 5.61761624E+12
 8.73595576E+12 1.20161552E+13 1.53880452E+13 2.22677782E+13 3.61626569E+13
 4.99530922E+13 6.35272008E+13 9.64551715E+13 1.58472243E+14 2.44412919E+14
 3.49932003E+14 5.41082439E+14 9.54487521E+14 1.95633514E+15 3.30359069E+15
 5.50880349E+15 4.36808813E+11 4.36808813E+11 4.28392092E+11 4.17774128E+11
 4.10054223E+11 4.02564538E+11 3.92745150E+11 3.85205010E+11 3.77259061E+11
 3.65677244E+11 3.55467194E+11 3.48667879E+11 3.38966471E+11 3.28639576E+11
 3.18420564E+11 3.03523826E+11 2.89815363E+11 2.69860326E+11 2.48617404E+11
 2.27959928E+11 1.98838950E+11 1.85070546E+11 1.73377166E+11 1.54149239E+11
 1.38656989E+11 1.25858376E+11 1.06145877E+11 9.20465786E+10 8.19422821E+10
 7.48572909E+10 7.01553088E+10 6.73955740E+10 6.66406387E+10 6.63897246E+10
 6.62582030E+10 6.62037453E+10 6.62447901E+10 6.63651749E+10 6.66363358E+10
 6.74080515E+10 6.87998425E+10 7.67544362E+10 8.55417619E+10 9.13412527E+10
 9.44180210E+10 1.09413408E+11 1.61190843E+11 2.30065873E+11 3.16713578E+11
 4.24589651E+11 6.96000579E+11 1.03600085E+12 1.42821602E+12 1.86438771E+12
 2.33521250E+12 2.83303232E+12 5.64874165E+12 8.76528502E+12 1.20438546E+13
 1.54142587E+13 2.22913806E+13 3.61821344E+13 4.99694720E+13 6.35411836E+13
 9.64650654E+13 1.58477954E+14 2.44416000E+14 3.49933673E+14 5.41083130E+14
 9.54487657E+14 1.95633507E+15 3.30359059E+15 5.50880339E+15 5.72563139E+11
 5.72563139E+11 5.54961471E+11 5.32935126E+11 5.17208331E+11 5.02105570E+11
 4.83083139E+11 4.69171629E+11 4.55416925E+11 4.36859874E+11 4.21941137E+11
 4.12600633E+11 3.99889095E+11 3.86989982E+11 3.74693347E+11 3.57317488E+11
 3.41770669E+11 3.19644994E+11 2.96556237E+11 2.74435578E+11 2.43663549E+11
 2.29236248E+11 2.17019810E+11 1.97019266E+11 1.81012776E+11 1.67791165E+11
 1.47297513E+11 1.32508529E+11 1.21818942E+11 1.14242099E+11 1.09125642E+11
 1.06015241E+11 1.05105578E+11 1.04776307E+11 1.04580766E+11 1.04466851E+11
 1.04445911E+11 1.04521317E+11 1.04741500E+11 1.05441538E+11 1.06768536E+11
 1.14579666E+11 1.23301485E+11 1.29073248E+11 1.32138414E+11 1.47100338E+11
 1.98782120E+11 2.67537318E+11 3.54050693E+11 4.61786592E+11 7.32917443E+11
 1.07264923E+12 1.46461059E+12 1.90054230E+12 2.37113918E+12 2.86874143E+12
 5.68347299E+12 8.79915419E+12 1.20769312E+13 1.54465914E+13 2.23223328E+13
 3.62106333E+13 4.99958244E+13 6.35656317E+13 9.64855724E+13 1.58492961E+14
 2.44426096E+14 3.49940205E+14 5.41086469E+14 9.54488752E+14 1.95633519E+15
 3.30359052E+15 5.50880327E+15 7.45460004E+11 7.45460004E+11 7.16016294E+11
 6.79182335E+11 6.52899701E+11 6.27892611E+11 5.96724664E+11 5.74370454E+11
 5.52784973E+11 5.24874951E+11 5.03559891E+11 4.90747991E+11 4.73931599E+11
 4.57483273E+11 4.42296030E+11 4.21495881E+11 4.03378801E+11 3.78192440E+11
 3.52450978E+11 3.28169431E+11 2.94867178E+11 2.79407958E+11 2.66384404E+11
 2.45184094E+11 2.28292746E+11 2.14347488E+11 1.92630850E+11 1.76790056E+11
 1.65191767E+11 1.56836750E+11 1.51055870E+11 1.47377820E+11 1.46215892E+11
 1.45758346E+11 1.45457697E+11 1.45244533E+11 1.45116520E+11 1.45111478E+11
 1.45237122E+11 1.45796324E+11 1.46985858E+11 1.54424779E+11 1.62908223E+11
 1.68558137E+11 1.71572429E+11 1.86395558E+11 2.37796324E+11 3.06312098E+11
 3.92609045E+11 5.00146628E+11 7.70926413E+11 1.11035654E+12 1.50205447E+12
 1.93775240E+12 2.40813876E+12 2.90554900E+12 5.71949923E+12 8.83456520E+12
 1.21118117E+13 1.54809920E+13 2.23558658E+13 3.62426364E+13 5.00264569E+13
 6.35950024E+13 9.65121408E+13 1.58515022E+14 2.44443247E+14 3.49952954E+14
 5.41094229E+14 9.54491903E+14 1.95633584E+15 3.30359060E+15 5.50880317E+15
 1.18875082E+12 1.18875082E+12 1.12889051E+12 1.05383398E+12 1.00019681E+12
 9.49284314E+11 8.86192102E+11 8.41430079E+11 7.99019135E+11 7.45956682E+11
 7.07414536E+11 6.85175967E+11 6.57166258E+11 6.31048090E+11 6.07980717E+11
 5.77789464E+11 5.52619452E+11 5.18998890E+11 4.85908225E+11 4.55587506E+11
 4.15089901E+11 3.96648619E+11 3.81257345E+11 3.56453264E+11 3.36859211E+11
 3.20726106E+11 2.95475802E+11 2.76714483E+11 2.62587593E+11 2.52019898E+11
 2.44301856E+11 2.38929471E+11 2.37002454E+11 2.36152870E+11 2.35529370E+11
 2.35007377E+11 2.34538537E+11 2.34271720E+11 2.34082959E+11 2.34158062E+11
 2.34855831E+11 2.40837340E+11 2.48273298E+11 2.53356167E+11 2.56131138E+11
 2.70298781E+11 3.20437178E+11 3.87990014E+11 4.73497108E+11 5.80362915E+11
 8.50044522E+11 1.18860293E+12 1.57958436E+12 2.01467791E+12 2.48454386E+12
 2.98149841E+12 5.79376878E+12 8.90768668E+12 1.21840420E+13 1.55524773E+13
 2.24261083E+13 3.63108738E+13 5.00929855E+13 6.36599768E+13 9.65736190E+13
 1.58570502E+14 2.44491345E+14 3.49993306E+14 5.41123746E+14 9.54507645E+14
 1.95634043E+15 3.30359189E+15 5.50880330E+15 1.74591471E+12 1.74591471E+12
 1.64809409E+12 1.52511014E+12 1.43699944E+12 1.35330233E+12 1.24937820E+12
 1.17584362E+12 1.10655678E+12 1.02082163E+12 9.59711128E+11 9.25126388E+11
 8.82397673E+11 8.43553207E+11 8.10061614E+11 7.67467985E+11 7.32972575E+11
 6.88194583E+11 6.45367028E+11 6.07035756E+11 5.56906864E+11 5.34427912E+11
 5.15824180E+11 4.86078460E+11 4.62749745E+11 4.43606952E+11 4.13591135E+11
 3.91019551E+11 3.73646076E+11 3.60228669E+11 3.49978439E+11 3.42348050E+11
 3.39383464E+11 3.37997722E+11 3.36930474E+11 3.35980413E+11 3.35032221E+11
 3.34391763E+11 3.33747938E+11 3.33107764E+11 3.33061203E+11 3.36716055E+11
 3.42367061E+11 3.46449126E+11 3.48797080E+11 3.61783530E+11 4.09650397E+11
 4.75518767E+11 5.59691585E+11 6.65457800E+11 9.33407551E+11 1.27064465E+12
 1.66057339E+12 2.09480211E+12 2.56394079E+12 3.06027230E+12 5.87037085E+12
 8.98293695E+12 1.22583282E+13 1.56260168E+13 2.24985153E+13 3.63816933E+13
 5.01626054E+13 6.37285754E+13 9.66400312E+13 1.58633213E+14 2.44549273E+14
 3.50045736E+14 5.41167293E+14 9.54536661E+14 1.95635211E+15 3.30359617E+15
 5.50880443E+15 2.40292342E+12 2.40292342E+12 2.26085357E+12 2.08174746E+12
 1.95313088E+12 1.83057397E+12 1.67831534E+12 1.57054705E+12 1.46902083E+12
 1.34396976E+12 1.25559205E+12 1.20603241E+12 1.14543149E+12 1.09108824E+12
 1.04492901E+12 9.87192090E+11 9.41327451E+11 8.82963733E+11 8.28279779E+11
 7.80166258E+11 7.18307628E+11 6.90887699E+11 6.68329979E+11 6.32504688E+11
 6.04567975E+11 5.81716504E+11 5.45873396E+11 5.18726175E+11 4.97512309E+11
 4.80750076E+11 4.67527350E+11 4.57225934E+11 4.53026380E+11 4.50999258E+11
 4.49399365E+11 4.47932721E+11 4.46401350E+11 4.45302730E+11 4.44096579E+11
 4.42562033E+11 4.41572061E+11 4.42187768E+11 4.45411015E+11 4.48097468E+11
 4.49844093E+11 4.61149341E+11 5.05742189E+11 5.69181409E+11 6.51446297E+11
 7.55656168E+11 1.02118839E+12 1.35660998E+12 1.74511048E+12 2.17817826E+12
 2.64634970E+12 3.14185963E+12 5.94915441E+12 9.06003853E+12 1.23342733E+13
 1.57010980E+13 2.25723532E+13 3.64539469E+13 5.02337848E+13 6.37989096E+13
 9.67086991E+13 1.58699267E+14 2.44612021E+14 3.50104599E+14 5.41219474E+14
 9.54576323E+14 1.95637240E+15 3.30360516E+15 5.50880742E+15 3.14930793E+12
 3.14930793E+12 2.95758145E+12 2.71531479E+12 2.54093347E+12 2.37444481E+12
 2.16713550E+12 2.02015627E+12 1.88163660E+12 1.71130987E+12 1.59141442E+12
 1.52448795E+12 1.44315081E+12 1.37077526E+12 1.30985413E+12 1.23452689E+12
 1.17542264E+12 1.10121744E+12 1.03272341E+12 9.73256364E+11 8.97742073E+11
 8.64568166E+11 8.37411197E+11 7.94486035E+11 7.61179357E+11 7.33992252E+11
 6.91386637E+11 6.58973502E+11 6.33388828E+11 6.12853572E+11 5.96292130E+11
 5.82991154E+11 5.77401308E+11 5.74650386E+11 5.72448615E+11 5.70397311E+11
 5.68202619E+11 5.66579086E+11 5.64725738E+11 5.62159281E+11 5.60073394E+11
 5.57083086E+11 5.57346905E+11 5.58300726E+11 5.59294531E+11 5.68473662E+11
 6.08857962E+11 6.69141848E+11 7.48924936E+11 8.51114927E+11 1.11352509E+12
 1.44661818E+12 1.83329776E+12 2.26489290E+12 2.73184286E+12 3.22631942E+12
 6.03012179E+12 9.13894513E+12 1.24117860E+13 1.57775873E+13 2.26474071E+13
 3.65272669E+13 5.03060118E+13 6.38703293E+13 9.67786519E+13 1.58767137E+14
 2.44677414E+14 3.50167115E+14 5.41276934E+14 9.54623592E+14 1.95640098E+15
 3.30361998E+15 5.50881320E+15 4.87866846E+12 4.87866846E+12 4.57403988E+12
 4.18753981E+12 3.90798826E+12 3.64051623E+12 3.30585909E+12 3.06777273E+12
 2.84292653E+12 2.56616834E+12 2.37181660E+12 2.26379378E+12 2.13319527E+12
 2.01796440E+12 1.92190464E+12 1.80460597E+12 1.71392300E+12 1.60197520E+12
 1.50060360E+12 1.41409014E+12 1.30605291E+12 1.25921199E+12 1.22110183E+12
 1.16128562E+12 1.11516339E+12 1.07767681E+12 1.01903624E+12 9.74255681E+11
 9.38512068E+11 9.09283561E+11 8.85084356E+11 8.64955860E+11 8.56203032E+11
 8.51806719E+11 8.48235202E+11 8.44846759E+11 8.41131489E+11 8.38307984E+11
 8.34972436E+11 8.30022080E+11 8.25385244E+11 8.13878340E+11 8.06996933E+11
 8.03688859E+11 8.02813476E+11 8.06650581E+11 8.36210184E+11 8.88196984E+11
 9.61381786E+11 1.05817622E+12 1.31223646E+12 1.63911379E+12 2.02094736E+12
 2.44863545E+12 2.91235409E+12 3.40410423E+12 6.19875144E+12 9.30223027E+12
 1.25714939E+13 1.59346975E+13 2.28009364E+13 3.66766314E+13 5.04528991E+13
 6.40154912E+13 9.69209454E+13 1.58905895E+14 2.44812446E+14 3.50298064E+14
 5.41400794E+14 9.54732517E+14 1.95647825E+15 3.30366783E+15 5.50883604E+15
 6.88319426E+12 6.88319426E+12 6.45078286E+12 5.90039949E+12 5.50118887E+12
 5.11768085E+12 4.63620417E+12 4.29251039E+12 3.96698134E+12 3.56534809E+12
 3.28322780E+12 3.12655036E+12 2.93748730E+12 2.77127509E+12 2.63330869E+12
 2.46593423E+12 2.33753869E+12 2.18052744E+12 2.03991218E+12 1.92110326E+12
 1.77434025E+12 1.71123615E+12 1.66008823E+12 1.58017599E+12 1.51882476E+12
 1.46911215E+12 1.39147490E+12 1.33213577E+12 1.28452585E+12 1.24523161E+12
 1.21225948E+12 1.18433192E+12 1.17197801E+12 1.16571049E+12 1.16058254E+12
 1.15567526E+12 1.15022916E+12 1.14603498E+12 1.14100225E+12 1.13331471E+12
 1.12573963E+12 1.10436835E+12 1.08908274E+12 1.08070678E+12 1.07759286E+12
 1.07496680E+12 1.09114235E+12 1.13259431E+12 1.19724552E+12 1.28697741E+12
 1.53000377E+12 1.84862103E+12 2.22400523E+12 2.64649405E+12 3.10591562E+12
 3.59404343E+12 6.37656143E+12 9.47299598E+12 1.27375690E+13 1.60973850E+13
 2.29589946E+13 3.68294131E+13 5.06026467E+13 6.41632045E+13 9.70654949E+13
 1.59047040E+14 2.44950546E+14 3.50433192E+14 5.41531073E+14 9.54852593E+14
 1.95657435E+15 3.30373697E+15 5.50887598E+15 1.16836748E+13 1.16836748E+13
 1.10456572E+13 1.02160044E+13 9.58755556E+12 8.98760584E+12 8.20338660E+12
 7.62621922E+12 7.06804055E+12 6.35747744E+12 5.84686922E+12 5.55915144E+12
 5.20965968E+12 4.90053720E+12 4.64368135E+12 4.33097739E+12 4.09094028E+12
 3.80463340E+12 3.54841914E+12 3.34022687E+12 3.08666168E+12 2.98159599E+12
 2.89598352E+12 2.76787057E+12 2.67224724E+12 2.59616283E+12 2.48707234E+12
 2.39899569E+12 2.33356025E+12 2.27884033E+12 2.23185002E+12 2.19367278E+12
 2.17368789E+12 2.16662203E+12 2.16054641E+12 2.15178444E+12 2.14159595E+12
 2.13433327E+12 2.12598911E+12 2.11505801E+12 2.10399017E+12 2.06812279E+12
 2.03893985E+12 2.02112794E+12 2.01314727E+12 1.99346951E+12 1.97562389E+12
 1.98433456E+12 2.02411223E+12 2.08806243E+12 2.28711746E+12 2.57593914E+12
 2.92148463E+12 3.32228503E+12 3.76563751E+12 4.24428018E+12 6.96522430E+12
 1.00274427E+13 1.32760017E+13 1.66204626E+13 2.34613028E+13 3.73086016E+13
 5.10684758E+13 6.46204398E+13 9.75098629E+13 1.59479092E+14 2.45373539E+14
 3.50849020E+14 5.41937236E+14 9.55240795E+14 1.95691932E+15 3.30402507E+15
 5.50908520E+15 1.59486495E+13 1.59486495E+13 1.51083589E+13 1.40063063E+13
 1.31794103E+13 1.23665974E+13 1.13073816E+13 1.05227264E+13 9.75509879E+12
 8.78158291E+12 8.07405830E+12 7.67500308E+12 7.18438765E+12 6.75068688E+12
 6.39108912E+12 5.95515346E+12 5.62373603E+12 5.21926970E+12 4.86617852E+12
 4.57697297E+12 4.22667625E+12 4.07936164E+12 3.96433306E+12 3.78592685E+12
 3.65368454E+12 3.55087685E+12 3.40173622E+12 3.28205218E+12 3.19495465E+12
 3.11644855E+12 3.05109026E+12 3.00025906E+12 2.97497468E+12 2.96477667E+12
 2.95603830E+12 2.94473166E+12 2.93163583E+12 2.92121525E+12 2.90832259E+12
 2.89124436E+12 2.87430502E+12 2.82226616E+12 2.77757468E+12 2.74949348E+12
 2.73706505E+12 2.70497009E+12 2.66233946E+12 2.64897817E+12 2.66719818E+12
 2.71268094E+12 2.88036152E+12 3.14033625E+12 3.46667484E+12 3.84760162E+12
 4.27053489E+12 4.73436487E+12 7.40739242E+12 1.04455779E+13 1.36687553E+13
 1.69989869E+13 2.38204863E+13 3.76462267E+13 5.13933702E+13 6.49372592E+13
 9.78147737E+13 1.59773053E+14 2.45660181E+14 3.51130689E+14 5.42213490E+14
 9.55509255E+14 1.95717114E+15 3.30425347E+15 5.50927533E+15 2.74787539E+13
 2.74787539E+13 2.61618540E+13 2.44125961E+13 2.30877163E+13 2.17626570E+13
 2.00163452E+13 1.87015044E+13 1.74080923E+13 1.57221400E+13 1.44824127E+13
 1.37702411E+13 1.29013338E+13 1.21237063E+13 1.14729014E+13 1.06804299E+13
 1.00754558E+13 9.34419945E+12 8.70222728E+12 8.17221724E+12 7.53963725E+12
 7.27622168E+12 7.06719110E+12 6.74688870E+12 6.50959826E+12 6.32158821E+12
 6.04351569E+12 5.83224640E+12 5.66977920E+12 5.52886037E+12 5.41704239E+12
 5.32019249E+12 5.27551078E+12 5.25438707E+12 5.23638468E+12 5.21732019E+12
 5.19510600E+12 5.17786893E+12 5.15695051E+12 5.12688068E+12 5.09518558E+12
 4.98635291E+12 4.90045517E+12 4.84560215E+12 4.82134748E+12 4.75649211E+12
 4.64369333E+12 4.56827667E+12 4.53376437E+12 4.53067787E+12 4.61582854E+12
 4.79317125E+12 5.05701300E+12 5.38083847E+12 5.75479434E+12 6.17482874E+12
 8.68058897E+12 1.16209826E+13 1.47765964E+13 1.80556424E+13 2.48079787E+13
 3.85567385E+13 5.22589050E+13 6.57740518E+13 9.86090751E+13 1.60528633E+14
 2.46390634E+14 3.51845139E+14 5.42912687E+14 9.56191745E+14 1.95782738E+15
 3.30487519E+15 5.50983666E+15 3.95329551E+13 3.95329551E+13 3.78070779E+13
 3.54951859E+13 3.37177739E+13 3.19321528E+13 2.95513104E+13 2.77375029E+13
 2.59209773E+13 2.35293427E+13 2.17471319E+13 2.07175479E+13 1.94401028E+13
 1.82914568E+13 1.73235572E+13 1.61377090E+13 1.52297800E+13 1.41259358E+13
 1.31529723E+13 1.23506229E+13 1.13886511E+13 1.09887515E+13 1.06719650E+13
 1.01825429E+13 9.82309241E+12 9.53429588E+12 9.10905815E+12 8.78285118E+12
 8.53557321E+12 8.32617869E+12 8.15138553E+12 8.00216943E+12 7.93246099E+12
 7.89719261E+12 7.86824536E+12 7.84027798E+12 7.80865595E+12 7.78373047E+12
 7.75306992E+12 7.70431769E+12 7.65260459E+12 7.48078016E+12 7.34515110E+12
 7.25977521E+12 7.22192467E+12 7.11722906E+12 6.92407746E+12 6.78121258E+12
 6.69176618E+12 6.63892820E+12 6.63551617E+12 6.73985333E+12 6.93259188E+12
 7.19427151E+12 7.51456989E+12 7.88262397E+12 1.01956840E+13 1.29997953E+13
 1.60616997E+13 1.92695658E+13 2.59228414E+13 3.95655698E+13 5.31996248E+13
 6.66784964E+13 9.94522829E+13 1.61315936E+14 2.47141818E+14 3.52573772E+14
 5.43621009E+14 9.56881507E+14 1.95849794E+15 3.30552634E+15 5.51045424E+15
 5.15906345E+13 5.15906345E+13 4.95370278E+13 4.67603904E+13 4.46120047E+13
 4.24229506E+13 3.94840973E+13 3.72184104E+13 3.49336116E+13 3.18817674E+13
 2.95705516E+13 2.82257798E+13 2.65490395E+13 2.50267330E+13 2.37341147E+13
 2.21417882E+13 2.09132863E+13 1.94111995E+13 1.80872496E+13 1.69884941E+13
 1.56695900E+13 1.51189861E+13 1.46784182E+13 1.40107876E+13 1.35091291E+13
 1.31133003E+13 1.25195072E+13 1.20706216E+13 1.17199021E+13 1.14286787E+13
 1.11877923E+13 1.09767141E+13 1.08834140E+13 1.08360828E+13 1.07964861E+13
 1.07573403E+13 1.07121702E+13 1.06758466E+13 1.06306332E+13 1.05625315E+13
 1.04911048E+13 1.02535953E+13 1.00553757E+13 9.93590189E+12 9.88300380E+12
 9.73307375E+12 9.45081587E+12 9.23703670E+12 9.08563204E+12 8.98136775E+12
 8.88945416E+12 8.91654222E+12 9.03978121E+12 9.23974550E+12 9.50167679E+12
 9.81763503E+12 1.19198384E+13 1.45682289E+13 1.75185741E+13 2.06476230E+13
 2.71794120E+13 4.06761832E+13 5.42289147E+13 6.76505001E+13 1.00347339E+14
 1.62137453E+14 2.47915603E+14 3.53317758E+14 5.44338419E+14 9.57575915E+14
 1.95917348E+15 3.30618815E+15 5.51109542E+15 6.33873653E+13 6.33873653E+13
 6.10790356E+13 5.79346187E+13 5.54804063E+13 5.29672079E+13 4.95516196E+13
 4.68986254E+13 4.41950171E+13 4.05466113E+13 3.77520143E+13 3.61119954E+13
 3.40462596E+13 3.21627286E+13 3.05519973E+13 2.85537589E+13 2.70014184E+13
 2.50960652E+13 2.34047043E+13 2.19957749E+13 2.03002499E+13 1.95886972E+13
 1.90233264E+13 1.81552196E+13 1.75032251E+13 1.69932299E+13 1.62180831E+13
 1.56341849E+13 1.51753786E+13 1.47961044E+13 1.44824346E+13 1.42106370E+13
 1.40844604E+13 1.40230641E+13 1.39715948E+13 1.39204660E+13 1.38614323E+13
 1.38143642E+13 1.37561271E+13 1.36667533E+13 1.35722841E+13 1.32545602E+13
 1.29946165E+13 1.28357975E+13 1.27654710E+13 1.25658415E+13 1.21820914E+13
 1.18973614E+13 1.16812194E+13 1.15190405E+13 1.13337700E+13 1.12834400E+13
 1.13407152E+13 1.14786120E+13 1.16824589E+13 1.19454011E+13 1.38307627E+13
 1.63196979E+13 1.91461563E+13 2.21739401E+13 2.85680961E+13 4.18850381E+13
 5.53438390E+13 6.87005152E+13 1.01296498E+14 1.62995070E+14 2.48713615E+14
 3.54078427E+14 5.45065757E+14 9.58274791E+14 1.95985134E+15 3.30685436E+15
 5.51174681E+15 8.57474182E+13 8.57474182E+13 8.31099270E+13 7.94727391E+13
 7.65941015E+13 7.36153837E+13 6.94982700E+13 6.62500571E+13 6.28785731E+13
 5.82554978E+13 5.46384110E+13 5.24812287E+13 4.97329996E+13 4.71817856E+13
 4.49796066E+13 4.22100363E+13 4.00292813E+13 3.73285590E+13 3.48999446E+13
 3.28583839E+13 3.03843817E+13 2.93351711E+13 2.85022313E+13 2.72154001E+13
 2.62545124E+13 2.54885930E+13 2.43251815E+13 2.34500731E+13 2.27601112E+13
 2.21925851E+13 2.17104614E+13 2.13016601E+13 2.11124380E+13 2.10199294E+13
 2.09414713E+13 2.08631670E+13 2.07718843E+13 2.07020419E+13 2.06163569E+13
 2.04792576E+13 2.03331823E+13 1.98475574E+13 1.94415042E+13 1.91997601E+13
 1.90933892E+13 1.87908123E+13 1.81863404E+13 1.77283493E+13 1.73708135E+13
 1.70900796E+13 1.67015046E+13 1.64928039E+13 1.64093123E+13 1.64188215E+13
 1.65169909E+13 1.66752650E+13 1.81341951E+13 2.02901033E+13 2.28518260E+13
 2.56606880E+13 3.17220202E+13 4.46288600E+13 5.78344766E+13 7.10234333E+13
 1.03361641E+14 1.64824067E+14 2.50387222E+14 3.55654178E+14 5.46553664E+14
 9.59687638E+14 1.96121155E+15 3.30819151E+15 5.51306259E+15 1.06285624E+14
 1.06285624E+14 1.03490775E+14 9.95972687E+13 9.64853317E+13 9.32298955E+13
 8.86800570E+13 8.50438075E+13 8.12216039E+13 7.58925274E+13 7.16514108E+13
 6.90889867E+13 6.57858457E+13 6.26855332E+13 5.99713725E+13 5.65224236E+13
 5.37757960E+13 5.03271380E+13 4.71930917E+13 4.45369102E+13 4.12805479E+13
 3.98961088E+13 3.87869126E+13 3.70742250E+13 3.57824542E+13 3.47532884E+13
 3.31815964E+13 3.19982032E+13 3.10664820E+13 3.02932562E+13 2.96392149E+13
 2.90763137E+13 2.88171809E+13 2.86903907E+13 2.85832146E+13 2.84762537E+13
 2.83519007E+13 2.82563558E+13 2.81390686E+13 2.79516651E+13 2.77516495E+13
 2.70819522E+13 2.65189660E+13 2.61851194E+13 2.60381745E+13 2.56181239E+13
 2.47777096E+13 2.41259397E+13 2.36132024E+13 2.32041788E+13 2.26037371E+13
 2.22211375E+13 2.19894609E+13 2.18809589E+13 2.18570420E+13 2.19168783E+13
 2.29517660E+13 2.47858214E+13 2.70731013E+13 2.96548475E+13 3.53506491E+13
 4.77664513E+13 6.06631623E+13 7.36395802E+13 1.05654645E+14 1.66810594E+14
 2.52170215E+14 3.57301727E+14 5.48090606E+14 9.61123907E+14 1.96257788E+15
 3.30953080E+15 5.51438390E+15 1.58622900E+14 1.58622900E+14 1.55831876E+14
 1.51872365E+14 1.48645988E+14 1.45203820E+14 1.40281278E+14 1.36236934E+14
 1.31885290E+14 1.25607210E+14 1.20420442E+14 1.17199363E+14 1.12937416E+14
 1.08818122E+14 1.05112513E+14 1.00256182E+14 9.62689020E+13 9.11062652E+13
 8.62543063E+13 8.20257280E+13 7.66960438E+13 7.43807946E+13 7.25030656E+13
 6.95691716E+13 6.73267991E+13 6.55200267E+13 6.27280848E+13 6.06085974E+13
 5.89189065E+13 5.75099478E+13 5.63135590E+13 5.52747751E+13 5.48018439E+13
 5.45607418E+13 5.43606455E+13 5.41637967E+13 5.39386581E+13 5.37612760E+13
 5.35420676E+13 5.31898562E+13 5.28126704E+13 5.15512335E+13 5.04883772E+13
 4.98505131E+13 4.95695299E+13 4.87651133E+13 4.71332966E+13 4.58574309E+13
 4.48303452E+13 4.39845463E+13 4.26781544E+13 4.17292177E+13 4.10313078E+13
 4.05159702E+13 4.01426468E+13 3.98820620E+13 3.96721002E+13 4.05615112E+13
 4.20701175E+13 4.39768863E+13 4.85507682E+13 5.93198556E+13 7.10797472E+13
 8.32284128E+13 1.13912742E+14 1.73752877E+14 2.58216329E+14 3.62773343E+14
 5.53033962E+14 9.65604723E+14 1.96673058E+15 3.31355996E+15 5.51834787E+15
 1.88003389E+14 1.88003389E+14 1.85351232E+14 1.81565180E+14 1.78451438E+14
 1.75118582E+14 1.70294879E+14 1.66287586E+14 1.61940817E+14 1.55573319E+14
 1.50224812E+14 1.46868609E+14 1.42372044E+14 1.37961639E+14 1.33943820E+14
 1.28600887E+14 1.24145640E+14 1.18266836E+14 1.12642083E+14 1.07654012E+14
 1.01257511E+14 9.84404655E+13 9.61357743E+13 9.25117339E+13 8.97161624E+13
 8.74481228E+13 8.39181480E+13 8.12135514E+13 7.90443560E+13 7.72310376E+13
 7.56828142E+13 7.43361427E+13 7.37206643E+13 7.34066220E+13 7.31460896E+13
 7.28900379E+13 7.25970578E+13 7.23654939E+13 7.20789207E+13 7.16181120E+13
 7.11238479E+13 6.94643769E+13 6.80621538E+13 6.72180643E+13 6.68458892E+13
 6.57785215E+13 6.35978469E+13 6.18842382E+13 6.04946773E+13 5.93394941E+13
 5.75259857E+13 5.61780486E+13 5.51472074E+13 5.43498860E+13 5.37286832E+13
 5.32482757E+13 5.21975361E+13 5.24777776E+13 5.34911863E+13 5.49751206E+13
 5.88320515E+13 6.85084388E+13 7.94389476E+13 9.09488037E+13 1.20532669E+14
 1.79206350E+14 2.62849331E+14 3.66869692E+14 5.56630507E+14 9.68756919E+14
 1.96955983E+15 3.31626473E+15 5.52097702E+15 2.50902224E+14 2.50902224E+14
 2.48591053E+14 2.45144227E+14 2.42449484E+14 2.39442448E+14 2.35193962E+14
 2.31554384E+14 2.27556494E+14 2.21583174E+14 2.16447908E+14 2.13163330E+14
 2.08694568E+14 2.04209860E+14 2.00037848E+14 1.94350688E+14 1.89472141E+14
 1.82849342E+14 1.76283025E+14 1.70262366E+14 1.62255458E+14 1.58625212E+14
 1.55607398E+14 1.50767552E+14 1.46958360E+14 1.43821872E+14 1.38844939E+14
 1.34964968E+14 1.31804282E+14 1.29131194E+14 1.26829497E+14 1.24808529E+14
 1.23882285E+14 1.23405580E+14 1.23010099E+14 1.22622802E+14 1.22179578E+14
 1.21827760E+14 1.21391250E+14 1.20686754E+14 1.19928388E+14 1.17364931E+14
 1.15175027E+14 1.13852375E+14 1.13267444E+14 1.11580062E+14 1.08090064E+14
 1.05313901E+14 1.03031287E+14 1.01111391E+14 9.80381696E+13 9.56704181E+13
 9.37923558E+13 9.22691503E+13 9.10179263E+13 8.99762642E+13 8.67935627E+13
 8.55672682E+13 8.53912936E+13 8.58736638E+13 8.80797591E+13 9.51869803E+13
 1.04121683E+14 1.13991524E+14 1.40548522E+14 1.95646385E+14 2.76567503E+14
 3.78742113E+14 5.66743983E+14 9.77289215E+14 1.97690970E+15 3.32314357E+15
 5.52759675E+15 3.56179941E+14 3.56179941E+14 3.54525379E+14 3.52118130E+14
 3.50102437E+14 3.47889437E+14 3.44611786E+14 3.40053083E+14 3.36818409E+14
 3.31904205E+14 3.27598147E+14 3.24800465E+14 3.20936019E+14 3.16996329E+14
 3.13263635E+14 3.08066387E+14 3.03496698E+14 2.97115785E+14 2.90559518E+14
 2.84334353E+14 2.75690845E+14 2.71625181E+14 2.68172801E+14 2.62492358E+14
 2.57894760E+14 2.54015300E+14 2.47694008E+14 2.42623633E+14 2.38383214E+14
 2.34732277E+14 2.31528636E+14 2.28674402E+14 2.27359253E+14 2.26676415E+14
 2.26107684E+14 2.25549079E+14 2.24908218E+14 2.24399359E+14 2.23766711E+14
 2.22740478E+14 2.21630054E+14 2.17831960E+14 2.14532951E+14 2.12515749E+14
 2.11618692E+14 2.09012194E+14 2.03516706E+14 1.99052460E+14 1.95311432E+14
 1.92106248E+14 1.86853222E+14 1.82690260E+14 1.79278912E+14 1.76422890E+14
 1.73988256E+14 1.71891363E+14 1.64648719E+14 1.60535522E+14 1.58111097E+14
 1.56737425E+14 1.55940846E+14 1.58549782E+14 1.63994758E+14 1.70943923E+14
 1.91689390E+14 2.38864751E+14 3.12663424E+14 4.09442895E+14 5.91998311E+14
 9.97399550E+14 1.99304316E+15 3.33761691E+15 5.54111446E+15 4.94072558E+14
 4.94072558E+14 4.92902477E+14 4.91186461E+14 4.89735109E+14 4.88129681E+14
 4.85725726E+14 4.83639668E+14 4.79164364E+14 4.75305860E+14 4.71884698E+14
 4.69643105E+14 4.66497467E+14 4.63270987E+14 4.60184045E+14 4.55830708E+14
 4.51962945E+14 4.46473720E+14 4.40732078E+14 4.35174245E+14 4.27262467E+14
 4.23452322E+14 4.20181188E+14 4.14687585E+14 4.10147602E+14 4.06249826E+14
 3.99745946E+14 3.94391468E+14 3.89825814E+14 3.85820272E+14 3.82250033E+14
 3.79027465E+14 3.77518785E+14 3.76734435E+14 3.76080281E+14 3.75437367E+14
 3.74697387E+14 3.74105490E+14 3.73366873E+14 3.72167345E+14 3.70863998E+14
 3.66347451E+14 3.62355408E+14 3.59882993E+14 3.58775735E+14 3.55527839E+14
 3.48536312E+14 3.42713494E+14 3.37733963E+14 3.33380577E+14 3.26082980E+14
 3.20124456E+14 3.15122675E+14 3.10831059E+14 3.07093170E+14 3.03800478E+14
 2.91739608E+14 2.84018061E+14 2.78711849E+14 2.74930160E+14 2.70227022E+14
 2.67064593E+14 2.68138118E+14 2.71471956E+14 2.84968716E+14 3.21493566E+14
 3.84175701E+14 4.71081437E+14 6.42180912E+14 1.03553790E+15 2.02132941E+15
 3.36161874E+15 5.56253927E+15 6.66287254E+14 6.66287254E+14 6.65469409E+14
 6.64252188E+14 6.63209220E+14 6.62033137E+14 6.60252652E+14 6.58678826E+14
 6.56878483E+14 6.51962587E+14 6.49250045E+14 6.47414932E+14 6.44858698E+14
 6.42216984E+14 6.39668770E+14 6.36048790E+14 6.32797776E+14 6.28154041E+14
 6.23255817E+14 6.18473112E+14 6.11586309E+14 6.08237971E+14 6.05342998E+14
 6.00434074E+14 5.96341965E+14 5.92781781E+14 5.86794953E+14 5.81788809E+14
 5.77458459E+14 5.73620739E+14 5.70164682E+14 5.67010175E+14 5.65527686E+14
 5.64754921E+14 5.64107847E+14 5.63468068E+14 5.62730028E+14 5.62142250E+14
 5.61408111E+14 5.60206749E+14 5.58895379E+14 5.54323994E+14 5.50234283E+14
 5.47671483E+14 5.46517912E+14 5.43114735E+14 5.35662035E+14 5.29320696E+14
 5.23794133E+14 5.18889834E+14 5.10493067E+14 5.03463617E+14 4.97430806E+14
 4.92160766E+14 4.87495963E+14 4.83303088E+14 4.67313532E+14 4.56364174E+14
 4.48315834E+14 4.42151388E+14 4.33439608E+14 4.24131321E+14 4.20482486E+14
 4.19911043E+14 4.25634413E+14 4.50687355E+14 5.00656406E+14 5.74935610E+14
 7.29008377E+14 1.10105059E+15 2.06715754E+15 3.39848271E+15 5.59383543E+15
 9.98387683E+14 9.98387683E+14 9.97971666E+14 9.97320011E+14 9.96728173E+14
 9.96043540E+14 9.94942515E+14 9.93915298E+14 9.92709620E+14 9.90741974E+14
 9.88900160E+14 9.85823265E+14 9.83910857E+14 9.81885048E+14 9.79916878E+14
 9.77079948E+14 9.74518979E+14 9.70812169E+14 9.66856364E+14 9.62955745E+14
 9.57304273E+14 9.54541986E+14 9.52132742E+14 9.48041044E+14 9.44606801E+14
 9.41609496E+14 9.36519414E+14 9.32225810E+14 9.28484170E+14 9.25143375E+14
 9.22107562E+14 9.19325396E+14 9.18013731E+14 9.17322780E+14 9.16744304E+14
 9.16177022E+14 9.15521604E+14 9.14993114E+14 9.14330789E+14 9.13258288E+14
 9.12087182E+14 9.07945724E+14 9.04208521E+14 9.01854412E+14 9.00789450E+14
 8.97622916E+14 8.90601864E+14 8.84512445E+14 8.79120627E+14 8.74258870E+14
 8.65763041E+14 8.58493813E+14 8.52090287E+14 8.46386919E+14 8.41230264E+14
 8.36528349E+14 8.17784536E+14 8.04082302E+14 7.93375845E+14 7.84718513E+14
 7.71445285E+14 7.54409233E+14 7.44343847E+14 7.38265315E+14 7.32699227E+14
 7.40772070E+14 7.71585746E+14 8.25858047E+14 9.49783215E+14 1.27539411E+15
 2.18677589E+15 3.48989393E+15 5.66706177E+15 1.40589488E+15 1.40589488E+15
 1.40579799E+15 1.40559323E+15 1.40536214E+15 1.40505043E+15 1.40446735E+15
 1.40388686E+15 1.40312419E+15 1.40179468E+15 1.40046729E+15 1.39810616E+15
 1.39664224E+15 1.39506848E+15 1.39350640E+15 1.39121047E+15 1.38908708E+15
 1.38601728E+15 1.38269537E+15 1.37944777E+15 1.37455295E+15 1.37222332E+15
 1.37011737E+15 1.36659690E+15 1.36360761E+15 1.36101329E+15 1.35658384E+15
 1.35283089E+15 1.34953045E+15 1.34661104E+15 1.34394276E+15 1.34148274E+15
 1.34031173E+15 1.33971315E+15 1.33920273E+15 1.33869156E+15 1.33809163E+15
 1.33763481E+15 1.33706226E+15 1.33610914E+15 1.33505703E+15 1.33137696E+15
 1.32804015E+15 1.32592775E+15 1.32497234E+15 1.32213841E+15 1.31580013E+15
 1.31025918E+15 1.30531867E+15 1.30084988E+15 1.29295101E+15 1.28607619E+15
 1.27998777E+15 1.27451189E+15 1.26951779E+15 1.26491022E+15 1.24610061E+15
 1.23180585E+15 1.22029016E+15 1.21067416E+15 1.19531791E+15 1.17398951E+15
 1.15980528E+15 1.14985855E+15 1.13566069E+15 1.12967782E+15 1.14386817E+15
 1.18025132E+15 1.27573800E+15 1.55087245E+15 2.38440134E+15 3.63748423E+15
 5.77966887E+15 2.21309481E+15 2.21309481E+15 2.21344994E+15 2.21387539E+15
 2.21414203E+15 2.21436016E+15 2.21451764E+15 2.21451556E+15 2.21436822E+15
 2.21388917E+15 2.21322915E+15 2.21273197E+15 2.21191392E+15 2.20978635E+15
 2.20993336E+15 2.20708057E+15 2.20691753E+15 2.20466867E+15 2.20062323E+15
 2.19800225E+15 2.19403469E+15 2.19208401E+15 2.19037666E+15 2.18743439E+15
 2.18495492E+15 2.18279379E+15 2.17904649E+15 2.17587573E+15 2.17310117E+15
 2.17058618E+15 2.16829994E+15 2.16619170E+15 2.16520626E+15 2.16468628E+15
 2.16424732E+15 2.16381017E+15 2.16330308E+15 2.16290092E+15 2.16239920E+15
 2.16158138E+15 2.16068677E+15 2.15751860E+15 2.15465799E+15 2.15283885E+15
 2.15201359E+15 2.14955580E+15 2.14407025E+15 2.13926213E+15 2.13495696E+15
 2.13107403E+15 2.12408645E+15 2.11799700E+15 2.11256269E+15 2.10766876E+15
 2.10311095E+15 2.09891614E+15 2.08154293E+15 2.06794543E+15 2.05673769E+15
 2.04717133E+15 2.03137133E+15 2.00805681E+15 1.99123755E+15 1.97834025E+15
 1.95653782E+15 1.93588048E+15 1.93048605E+15 1.94432736E+15 2.00211902E+15
 2.20459178E+15 2.89942793E+15 4.03363592E+15 6.07515332E+15 5.01918349E+15
 5.01918349E+15 5.02064146E+15 5.02261107E+15 5.02411257E+15 5.02561044E+15
 5.02754469E+15 5.02896422E+15 5.03028124E+15 5.03185044E+15 5.03281517E+15
 5.03328139E+15 5.03371025E+15 5.03394469E+15 5.03398825E+15 5.03378951E+15
 5.03341199E+15 5.03260687E+15 5.03149751E+15 5.03021384E+15 5.02798919E+15
 5.02690038E+15 5.02478266E+15 5.02400771E+15 5.02238092E+15 5.02095196E+15
 5.01714852E+15 5.01488430E+15 5.01285536E+15 5.01103981E+15 5.01074868E+15
 5.00776877E+15 5.00701743E+15 5.00661863E+15 5.00628583E+15 5.00596328E+15
 5.00560168E+15 5.00534016E+15 5.00500868E+15 5.00435335E+15 5.00360610E+15
 5.00130776E+15 4.99904173E+15 4.99773813E+15 4.99711547E+15 4.99512575E+15
 4.99096864E+15 4.98715495E+15 4.98378953E+15 4.98075339E+15 4.97521145E+15
 4.97040013E+15 4.96605559E+15 4.96202785E+15 4.95836638E+15 4.95492294E+15
 4.94058144E+15 4.92912641E+15 4.91951288E+15 4.91117360E+15 4.89709846E+15
 4.87546506E+15 4.85885900E+15 4.84544970E+15 4.82028694E+15 4.78865816E+15
 4.76365477E+15 4.75016703E+15 4.75487127E+15 4.83921156E+15 5.25747088E+15
 6.06595482E+15 7.70583078E+15 8.21729111E+15 8.21729111E+15 8.21975740E+15
 8.22313248E+15 8.22575309E+15 8.22843659E+15 8.23200281E+15 8.23473645E+15
 8.23742266E+15 8.24086464E+15 8.24332710E+15 8.24468008E+15 8.24627569E+15
 8.24758991E+15 8.24859443E+15 8.24964525E+15 8.25027630E+15 8.25076922E+15
 8.25086283E+15 8.25060188E+15 8.24978441E+15 8.24929502E+15 8.24876758E+15
 8.24770884E+15 8.24672047E+15 8.24577897E+15 8.24410665E+15 8.24259601E+15
 8.24025545E+15 8.23980007E+15 8.23859182E+15 8.23642507E+15 8.23583018E+15
 8.23554376E+15 8.23529530E+15 8.23503047E+15 8.23471579E+15 8.23447993E+15
 8.23421348E+15 8.23421512E+15 8.23422574E+15 8.23129960E+15 8.22956606E+15
 8.22845559E+15 8.22794922E+15 8.22643321E+15 8.22310997E+15 8.21994494E+15
 8.21730601E+15 8.21463902E+15 8.21004681E+15 8.20589830E+15 8.20216027E+15
 8.19868473E+15 8.19554617E+15 8.19254927E+15 8.17998777E+15 8.16975865E+15
 8.16121415E+15 8.15392208E+15 8.14087342E+15 8.12095913E+15 8.10550209E+15
 8.09272300E+15 8.06831638E+15 8.03584887E+15 8.00691938E+15 7.98603342E+15
 7.97294443E+15 8.00819138E+15 8.28464556E+15 8.88948040E+15 1.02064076E+16
 1.62019030E+16 1.62019030E+16 1.62064894E+16 1.62128413E+16 1.62178428E+16
 1.62230282E+16 1.62301377E+16 1.62356766E+16 1.62412637E+16 1.62487846E+16
 1.62544732E+16 1.62577801E+16 1.62618932E+16 1.62655935E+16 1.62687000E+16
 1.62724555E+16 1.62752825E+16 1.62785970E+16 1.62813667E+16 1.62834578E+16
 1.62856667E+16 1.62864914E+16 1.62870486E+16 1.62877729E+16 1.62881464E+16
 1.62883608E+16 1.62884870E+16 1.62884804E+16 1.62880518E+16 1.62877583E+16
 1.62873558E+16 1.62869618E+16 1.62867275E+16 1.62866256E+16 1.62865291E+16
 1.62861640E+16 1.62857122E+16 1.62858736E+16 1.62860932E+16 1.62859128E+16
 1.62856861E+16 1.62848702E+16 1.62840685E+16 1.62835023E+16 1.62832439E+16
 1.62825231E+16 1.62807364E+16 1.62789447E+16 1.62773680E+16 1.62756774E+16
 1.62725682E+16 1.62700638E+16 1.62666228E+16 1.62651127E+16 1.62619302E+16
 1.62598297E+16 1.62503106E+16 1.62423754E+16 1.62355168E+16 1.62294155E+16
 1.62188646E+16 1.62019513E+16 1.61886471E+16 1.61774111E+16 1.61550432E+16
 1.61241315E+16 1.60941641E+16 1.60692212E+16 1.60435641E+16 1.60381349E+16
 1.61753942E+16 1.65497627E+16 1.74479835E+16 4.01292978E+16 4.01292978E+16
 4.01390101E+16 4.01526037E+16 4.01634156E+16 4.01748017E+16 4.01905424E+16
 4.02030014E+16 4.02159034E+16 4.02336270E+16 4.02474532E+16 4.02556708E+16
 4.02662122E+16 4.02759770E+16 4.02844700E+16 4.02951752E+16 4.03036826E+16
 4.03143360E+16 4.03240115E+16 4.03322130E+16 4.03423019E+16 4.03466127E+16
 4.03500643E+16 4.03553715E+16 4.03593852E+16 4.03625885E+16 4.03674372E+16
 4.03710482E+16 4.03738643E+16 4.03761415E+16 4.03779954E+16 4.03796099E+16
 4.03803646E+16 4.03807269E+16 4.03810191E+16 4.03813284E+16 4.03816752E+16
 4.03819407E+16 4.03822624E+16 4.03827659E+16 4.03832851E+16 4.03851994E+16
 4.03867833E+16 4.03876598E+16 4.03880385E+16 4.03891779E+16 4.03913995E+16
 4.03930273E+16 4.03941533E+16 4.03950457E+16 4.03961296E+16 4.03968866E+16
 4.03971607E+16 4.03973434E+16 4.03976374E+16 4.03971960E+16 4.03956270E+16
 4.03928866E+16 4.03900242E+16 4.03874556E+16 4.03824432E+16 4.03732571E+16
 4.03657582E+16 4.03587192E+16 4.03425521E+16 4.03194790E+16 4.02947139E+16
 4.02715303E+16 4.02430522E+16 4.02137628E+16 4.02484434E+16 4.04268895E+16
 4.09215695E+16 7.99797872E+16 7.99797872E+16 7.99965281E+16 8.00200121E+16
 8.00387963E+16 8.00587291E+16 8.00864152E+16 8.01085199E+16 8.01316399E+16
 8.01636214E+16 8.01889204E+16 8.02041941E+16 8.02237792E+16 8.02421597E+16
 8.02583974E+16 8.02790643E+16 8.02957644E+16 8.03169962E+16 8.03366924E+16
 8.03538230E+16 8.03754173E+16 8.03848325E+16 8.03925451E+16 8.04046523E+16
 8.04139796E+16 8.04215869E+16 8.04334900E+16 8.04426116E+16 8.04500141E+16
 8.04561873E+16 8.04615362E+16 8.04661164E+16 8.04682091E+16 8.04692900E+16
 8.04701864E+16 8.04710627E+16 8.04720696E+16 8.04728794E+16 8.04738847E+16
 8.04755053E+16 8.04772423E+16 8.04830735E+16 8.04882820E+16 8.04913384E+16
 8.04926643E+16 8.04966297E+16 8.05047793E+16 8.05112695E+16 8.05167361E+16
 8.05213124E+16 8.05286483E+16 8.05344808E+16 8.05392308E+16 8.05430738E+16
 8.05463956E+16 8.05491730E+16 8.05592641E+16 8.05652044E+16 8.05692704E+16
 8.05722558E+16 8.05755797E+16 8.05784997E+16 8.05790526E+16 8.05787549E+16
 8.05748996E+16 8.05662103E+16 8.05532271E+16 8.05400948E+16 8.05195016E+16
 8.04949954E+16 8.04984019E+16 8.05955223E+16 8.09012595E+16 0.00000000E+00
